200.0 4.0057097972804877E-16
201.0 4.125152094147088E-16
202.0 4.2470564578913543E-16
203.0 4.371448552341785E-16
204.0 4.498353967461126E-16
205.0 4.627798212411179E-16
206.0 4.759806716462911E-16
207.0 4.894404828944486E-16
208.0 5.031617817329534E-16
209.0 5.171470865267295E-16
210.0 5.313989074175855E-16
211.0 5.459197458575125E-16
212.0 5.607120949303139E-16
213.0 5.75778438727549E-16
214.0 5.911212533201667E-16
215.0 6.067430049619956E-16
216.0 6.22646152036923E-16
217.0 6.388331434795208E-16
218.0 6.553064191539037E-16
219.0 6.72068410121206E-16
220.0 6.891215385032625E-16
221.0 7.0646821706286865E-16
222.0 7.241108491155112E-16
223.0 7.420518293959288E-16
224.0 7.602935430931134E-16
225.0 7.788383660633544E-16
226.0 7.976886648761196E-16
227.0 8.168467969758585E-16
228.0 8.363151102377152E-16
229.0 8.560959434412025E-16
230.0 8.761916256034875E-16
231.0 8.966044770208609E-16
232.0 9.173368079401832E-16
233.0 9.383909195066553E-16
234.0 9.59769103531116E-16
235.0 9.81473642472442E-16
236.0 1.00350680917659E-15
237.0 1.025870867582691E-15
238.0 1.048568071234409E-15
239.0 1.0716006658746426E-15
240.0 1.0949708864347242E-15
241.0 1.1186809592901235E-15
242.0 1.1427331013755823E-15
243.0 1.1671295201687734E-15
244.0 1.1918724142337864E-15
245.0 1.2169639723964774E-15
246.0 1.2424063744275482E-15
247.0 1.268201791207588E-15
248.0 1.2943523838591064E-15
249.0 1.320860304768176E-15
250.0 1.3477276971623834E-15
251.0 1.3749566949584317E-15
252.0 1.4025494229133943E-15
253.0 1.4305079971143082E-15
254.0 1.458834525019145E-15
255.0 1.4875311034905026E-15
256.0 1.5165998224178751E-15
257.0 1.5460427616097944E-15
258.0 1.5758619926419192E-15
259.0 1.6060595774996403E-15
260.0 1.6366375703409975E-15
261.0 1.6675980157558245E-15
262.0 1.6989429500227965E-15
263.0 1.7306744007815969E-15
264.0 1.7627943870544344E-15
265.0 1.7953049192667464E-15
266.0 1.8282079996609947E-15
267.0 1.8615056207444675E-15
268.0 1.8951997684659114E-15
269.0 1.9292924184677E-15
270.0 1.96378553993453E-15
271.0 1.998681092157692E-15
272.0 2.033981027019513E-15
273.0 2.069687287991912E-15
274.0 2.105801810147578E-15
275.0 2.1423265212865675E-15
276.0 2.1792633406618062E-15
277.0 2.216614178742087E-15
278.0 2.2543809390477553E-15
279.0 2.2925655168335464E-15
280.0 2.331169799569839E-15
281.0 2.3701956667339093E-15
282.0 2.4096449905615184E-15
283.0 2.4495196351167306E-15
284.0 2.4898214562900116E-15
285.0 2.5305523035769498E-15
286.0 2.571714017607501E-15
287.0 2.613308432963445E-15
288.0 2.6553373756571795E-15
289.0 2.697802664160784E-15
290.0 2.740706110783084E-15
291.0 2.7840495190304876E-15
292.0 2.8278346860426244E-15
293.0 2.872063401553497E-15
294.0 2.9167374490467533E-15
295.0 2.9618586029607467E-15
296.0 3.007428631513943E-15
297.0 3.0534492973760404E-15
298.0 3.0999223539063556E-15
299.0 3.1468495489656995E-15
300.0 3.1942326231985763E-15
301.0 3.2420733106585928E-15
302.0 3.2903733382255955E-15
303.0 3.3391344265586127E-15
304.0 3.38835828951398E-15
305.0 3.4380466331961005E-15
306.0 3.488201159844101E-15
307.0 3.5388235617335013E-15
308.0 3.589915527693712E-15
309.0 3.641478738576152E-15
310.0 3.693514868219013E-15
311.0 3.7460255865493345E-15
312.0 3.799012555553899E-15
313.0 3.852477429920071E-15
314.0 3.9064218602165326E-15
315.0 3.960847490509446E-15
316.0 4.015755957639685E-15
317.0 4.0711488933983056E-15
318.0 4.1270279234904586E-15
319.0 4.183394667556482E-15
320.0 4.240250739191991E-15
321.0 4.297597745582653E-15
322.0 4.355437289828926E-15
323.0 4.413770967142936E-15
324.0 4.472600369118272E-15
325.0 4.531927079865096E-15
326.0 4.591752678769686E-15
327.0 4.65207873975017E-15
328.0 4.7129068308749604E-15
329.0 4.774238514371671E-15
330.0 4.836075347054787E-15
331.0 4.898418881625616E-15
332.0 4.961270664189004E-15
333.0 5.024632235946793E-15
334.0 5.088505131931483E-15
335.0 5.152890883633167E-15
336.0 5.217791015542529E-15
337.0 5.283207048683097E-15
338.0 5.349140497538329E-15
339.0 5.41559287229629E-15
340.0 5.482565677059656E-15
341.0 5.5500604130852705E-15
342.0 5.6180785751385084E-15
343.0 5.686621652868105E-15
344.0 5.755691131298362E-15
345.0 5.825288491346301E-15
346.0 5.8954152084103E-15
347.0 5.966072752357037E-15
348.0 6.037262590989811E-15
349.0 6.108986184667485E-15
350.0 6.181244990250587E-15
351.0 6.2540404596401414E-15
352.0 6.32737404132802E-15
353.0 6.4012471783875156E-15
354.0 6.47566130845243E-15
355.0 6.550617865282199E-15
356.0 6.626118279340538E-15
357.0 6.702163976247989E-15
358.0 6.778756376236657E-15
359.0 6.85589689686132E-15
360.0 6.93358694922189E-15
361.0 7.011827941786501E-15
362.0 7.090621278231536E-15
363.0 7.169968359133211E-15
364.0 7.249870578602956E-15
365.0 7.330329329389364E-15
366.0 7.41134599720361E-15
367.0 7.49292196763738E-15
368.0 7.575058618078343E-15
369.0 7.657757324097994E-15
370.0 7.741019457757562E-15
371.0 7.824846385221551E-15
372.0 7.909239472179477E-15
373.0 7.994200075394932E-15
374.0 8.07972955242712E-15
375.0 8.165829255588076E-15
376.0 8.252500532526796E-15
377.0 8.339744726842151E-15
378.0 8.427563181920465E-15
379.0 8.515957232066631E-15
380.0 8.604928211394765E-15
381.0 8.694477452015422E-15
382.0 8.784606277515723E-15
383.0 8.875316012083634E-15
384.0 8.96660797398623E-15
385.0 9.058483480212882E-15
386.0 9.150943841813769E-15
387.0 9.243990367242697E-15
388.0 9.337624361711973E-15
389.0 9.431847130687192E-15
390.0 9.526659967427037E-15
391.0 9.62206417100994E-15
392.0 9.718061031049634E-15
393.0 9.814651838217886E-15
394.0 9.9118378757602E-15
395.0 1.0009620427345673E-14
396.0 1.0108000769893139E-14
397.0 1.020698018303593E-14
398.0 1.0306559935237912E-14
399.0 1.0406741297722536E-14
400.0 1.0507525537164394E-14
401.0 1.0608913914128942E-14
402.0 1.071090769290646E-14
403.0 1.081350812791411E-14
404.0 1.0916716473533796E-14
405.0 1.1020533981107043E-14
406.0 1.1124961898941526E-14
407.0 1.123000147231767E-14
408.0 1.1335653942697236E-14
409.0 1.1441920548503049E-14
410.0 1.154880252916161E-14
411.0 1.1656301116298977E-14
412.0 1.176441753930968E-14
413.0 1.1873153030332291E-14
414.0 1.1982508810337334E-14
415.0 1.2092486102217763E-14
416.0 1.2203086127592576E-14
417.0 1.2314310102628859E-14
418.0 1.2426159241366448E-14
419.0 1.2538634754028442E-14
420.0 1.2651737850445857E-14
421.0 1.2765469737531808E-14
422.0 1.2879831617527812E-14
423.0 1.2994824690585765E-14
424.0 1.311045015656512E-14
425.0 1.322670921243707E-14
426.0 1.3343603047787781E-14
427.0 1.3461132854611845E-14
428.0 1.3579299822020123E-14
429.0 1.3698105135316996E-14
430.0 1.3817549978727612E-14
431.0 1.3937635529884266E-14
432.0 1.4058362969031587E-14
433.0 1.4179733471680616E-14
434.0 1.4301748211374715E-14
435.0 1.442440835780664E-14
436.0 1.4547715080604684E-14
437.0 1.4671669546521596E-14
438.0 1.479627291845373E-14
439.0 1.4921526359296785E-14
440.0 1.504743102613832E-14
441.0 1.5173988078046854E-14
442.0 1.530119866925905E-14
443.0 1.5429063951101635E-14
444.0 1.5557585074990365E-14
445.0 1.5686763188461312E-14
446.0 1.58165994371576E-14
447.0 1.5947094964843114E-14
448.0 1.6078250913414806E-14
449.0 1.6210068418774803E-14
450.0 1.6342548623215834E-14
451.0 1.6475692657870642E-14
452.0 1.6609501657198193E-14
453.0 1.6743976751729207E-14
454.0 1.687911906908067E-14
455.0 1.701492973607969E-14
456.0 1.715140987988225E-14
457.0 1.7288560618281714E-14
458.0 1.7426383074773808E-14
459.0 1.756487836671295E-14
460.0 1.7704047609609588E-14
461.0 1.784389191824722E-14
462.0 1.7984412407837513E-14
463.0 1.8125610183986918E-14
464.0 1.8267486359415513E-14
465.0 1.8410042038322348E-14
466.0 1.855327832305062E-14
467.0 1.8697196320980783E-14
468.0 1.88417971308735E-14
469.0 1.8987081850808626E-14
470.0 1.913305157822104E-14
471.0 1.9279707407588924E-14
472.0 1.9427050432765353E-14
473.0 1.957508174701358E-14
474.0 1.9723802435882986E-14
475.0 1.9873213590245773E-14
476.0 2.0023316293225236E-14
477.0 2.0174111633375098E-14
478.0 2.0325600687806025E-14
479.0 2.047778454031303E-14
480.0 2.0630664269280753E-14
481.0 2.078424095130234E-14
482.0 2.09385156611793E-14
483.0 2.109348947442542E-14
484.0 2.1249163461037583E-14
485.0 2.140553869045737E-14
486.0 2.1562616231602737E-14
487.0 2.1720397152899345E-14
488.0 2.187888251845505E-14
489.0 2.2038073391867803E-14
490.0 2.2197970832358537E-14
491.0 2.235857590384201E-14
492.0 2.251988966196573E-14
493.0 2.2681913165811665E-14
494.0 2.2844647468744624E-14
495.0 2.3008093624970793E-14
496.0 2.3172252684241796E-14
497.0 2.3337125701207293E-14
498.0 2.350271372340052E-14
499.0 2.366901779653642E-14
500.0 2.3836038964505812E-14