200.0 3.4701537362683354E-34
201.0 4.463795048901475E-34
202.0 5.727911286041166E-34
203.0 7.33230543909376E-34
204.0 9.363806997109675E-34
205.0 1.1930183144088772E-33
206.0 1.5164892462992618E-33
207.0 1.9232850471693022E-33
208.0 2.4337407779671393E-33
209.0 3.0728778750523864E-33
210.0 3.871420156221464E-33
211.0 4.867016111931012E-33
212.0 6.105706487205477E-33
213.0 7.643682986641197E-33
214.0 9.549391860454618E-33
215.0 1.1906045279721017E-32
216.0 1.481461407281792E-32
217.0 1.8397387547845708E-32
218.0 2.2802200341130252E-32
219.0 2.820744239358826E-32
220.0 3.482798683791534E-32
221.0 4.292219193724349E-32
222.0 5.280015773689438E-32
223.0 6.483344602068981E-32
224.0 7.946650414709365E-32
225.0 9.723006974317952E-32
226.0 1.1875687439481988E-31
227.0 1.4480001215648086E-31
228.0 1.7625439108183265E-31
229.0 2.1418174751100037E-31
230.0 2.5983977002142915E-31
231.0 3.147159590324855E-31
232.0 3.805669319955975E-31
233.0 4.594639867317049E-31
234.0 5.538458409630015E-31
235.0 6.665795947824559E-31
236.0 8.010310969302653E-31
237.0 9.611460576496721E-31
238.0 1.1515434187427553E-30
239.0 1.3776226940352788E-30
240.0 1.6456872000818018E-30
241.0 1.963085355004551E-30
242.0 2.3383724782676253E-30
243.0 2.781495832851455E-30
244.0 3.304005987742073E-30
245.0 3.919297937665871E-30
246.0 4.642885839917157E-30
247.0 5.492715683674565E-30
248.0 6.489520679146193E-30
249.0 7.657224776398505E-30
250.0 9.023400238742099E-30
251.0 1.0619785985962474E-29
252.0 1.2482874043587866E-29
253.0 1.4654572365258276E-29
254.0 1.7182953119338165E-29
255.0 2.0123096520832173E-29
256.0 2.3538041450059405E-29
257.0 2.7499855132193157E-29
258.0 3.2090835639243214E-29
259.0 3.7404862212950364E-29
260.0 4.3548910066697217E-29
261.0 5.064474798927268E-29
262.0 5.883083886925575E-29
263.0 6.826446540274912E-29
264.0 7.91241051029046E-29
265.0 9.161208160124837E-29
266.0 1.0595752134481295E-28
267.0 1.2241964777952555E-28
268.0 1.4129144828695681E-28
269.0 1.629037520441182E-28
270.0 1.876297610170798E-28
271.0 2.1589007962321066E-28
272.0 2.4815829313205677E-28
273.0 2.8496714950183127E-28
274.0 3.269154033837758E-28
275.0 3.7467538718314894E-28
276.0 4.290013794952873E-28
277.0 4.9073884600810265E-28
278.0 5.608346371533119E-28
279.0 6.403482311065619E-28
280.0 7.304641191444355E-28
281.0 8.325054392005467E-28
282.0 9.47948971351583E-28
283.0 1.0784416179046014E-27
284.0 1.225818501498522E-27
285.0 1.3921228255529343E-27
286.0 1.5796276489722234E-27
287.0 1.7908597473600687E-27
288.0 2.0286257353286E-27
289.0 2.2960406481682686E-27
290.0 2.5965591858875437E-27
291.0 2.934009852478346E-27
292.0 3.3126322201585006E-27
293.0 3.7371175888979625E-27
294.0 4.21265330722719E-27
295.0 4.744971060240192E-27
296.0 5.34039944233753E-27
297.0 6.0059211526322965E-27
298.0 6.749235178091134E-27
299.0 7.578824367252914E-27
300.0 8.504028789449136E-27
301.0 9.535125351684173E-27
302.0 1.0683414131773708E-26
303.0 1.1961311938869076E-26
304.0 1.338245366161591E-26
305.0 1.4961801944274883E-26
306.0 1.6715765849119348E-26
307.0 1.866232913819726E-26
308.0 2.0821188857606903E-26
309.0 2.3213905003241714E-26
310.0 2.586406203028256E-26
311.0 2.8797443034268173E-26
312.0 3.204221753075483E-26
313.0 3.56291437097845E-26
314.0 3.959178628472928E-26
315.0 4.396675080891443E-26
316.0 4.879393578488944E-26
317.0 5.411680361541717E-26
318.0 5.998267171851279E-26
319.0 6.644302505815779E-26
320.0 7.355385168895268E-26
321.0 8.137600248680549E-26
322.0 8.997557697273939E-26
323.0 9.942433666949154E-26
324.0 1.098001477482635E-25
325.0 1.2118745495569247E-25
326.0 1.3367778859602363E-25
327.0 1.4737030673496082E-25
328.0 1.623723746921387E-25
329.0 1.788001841669419E-25
330.0 1.967794143445074E-25
331.0 2.1644593748481445E-25
332.0 2.379465717667553E-25
333.0 2.614398837682171E-25
334.0 2.870970441528493E-25
335.0 3.151027389401144E-25
336.0 3.456561400341746E-25
337.0 3.7897193818588914E-25
338.0 4.152814420628211E-25
339.0 4.548337466585476E-25
340.0 4.978969757997486E-25
341.0 5.447596019553273E-25
342.0 5.957318478302472E-25
343.0 6.511471750132742E-25
344.0 7.1136386238016675E-25
345.0 7.767666818645788E-25
346.0 8.477686737448897E-25
347.0 9.248130290958452E-25
348.0 1.0083750843000763E-24
349.0 1.0989644315268054E-24
350.0 1.1971271553505446E-24
351.0 1.303448196803836E-24
352.0 1.4185538559370457E-24
353.0 1.5431144368582185E-24
354.0 1.677847042534799E-24
355.0 1.8235185299076E-24
356.0 1.980948628347813E-24
357.0 2.1510132330839675E-24
358.0 2.3346478802146552E-24
359.0 2.532851414080334E-24
360.0 2.7466898521354396E-24
361.0 2.9773004608524406E-24
362.0 3.225896053333472E-24
363.0 3.493769509393575E-24
364.0 3.782298543496967E-24
365.0 4.0929507185274405E-24
366.0 4.42728872381003E-24
367.0 4.786975929735131E-24
368.0 5.173782221626525E-24
369.0 5.5895901412688924E-24
370.0 6.036401337198852E-24
371.0 6.5163433379431695E-24
372.0 7.031676672091467E-24
373.0 7.584802338041929E-24
374.0 8.178269647268607E-24
375.0 8.814784449441027E-24
376.0 9.497217760619275E-24
377.0 1.0228614816072127E-23
378.0 1.1012204551504559E-23
379.0 1.1851409540405986E-23
380.0 1.2749856407507375E-23
381.0 1.3711386731123865E-23
382.0 1.4740068456800806E-23
383.0 1.5840207844992127E-23
384.0 1.7016361969870574E-23
385.0 1.8273351800786728E-23
386.0 1.9616275860703816E-23
387.0 2.1050524531670328E-23
388.0 2.258179498737693E-23
389.0 2.4216106810278987E-23
390.0 2.5959818271394227E-23
391.0 2.7819643366070725E-23
392.0 2.9802669593156477E-23
393.0 3.191637648068878E-23
394.0 3.416865494411154E-23
395.0 3.6567827471625536E-23
396.0 3.9122669165780536E-23
397.0 4.18424296928616E-23
398.0 4.473685612708472E-23
399.0 4.7816216813380147E-23
400.0 5.1091326154647175E-23
401.0 5.457357048684651E-23
402.0 5.82749349752859E-23
403.0 6.220803162195564E-23
404.0 6.638612845156368E-23
405.0 7.082317980827065E-23
406.0 7.553385790323722E-23
407.0 8.05335856267665E-23
408.0 8.583857067571887E-23
409.0 9.146584094266387E-23
410.0 9.743328139130279E-23
411.0 1.0375967230945441E-22
412.0 1.1046472902745814E-22
413.0 1.1756914324306972E-22
414.0 1.250946257611097E-22
415.0 1.33063951056494E-22
416.0 1.415010033667038E-22
417.0 1.5043082453336167E-22
418.0 1.5987966371482341E-22
419.0 1.6987502873891535E-22
420.0 1.8044573964369744E-22
421.0 1.916219838276335E-22
422.0 2.034353734873037E-22
423.0 2.1591900494685267E-22
424.0 2.2910752020005877E-22
425.0 2.430371706361591E-22
426.0 2.577458829219475E-22
427.0 2.7327332735821446E-22
428.0 2.8966098855467784E-22
429.0 3.0695223854043203E-22
430.0 3.251924122848262E-22
431.0 3.4442888616000357E-22
432.0 3.6471115869214144E-22
433.0 3.8609093427671604E-22
434.0 4.086222096274251E-22
435.0 4.323613631693316E-22
436.0 4.573672473553164E-22
437.0 4.837012840915602E-22
438.0 5.114275632094021E-22
439.0 5.406129443129621E-22
440.0 5.713271617417339E-22
441.0 6.036429330878175E-22
442.0 6.376360711348267E-22
443.0 6.733855992380965E-22
444.0 7.109738707861558E-22
445.0 7.504866916469924E-22
446.0 7.92013447476344E-22
447.0 8.3564723403098755E-22
448.0 8.814849921781336E-22
449.0 9.296276465412386E-22
450.0 9.801802492437606E-22
451.0 1.0332521266833926E-21
452.0 1.088957032037072E-21
453.0 1.1474133016394485E-21
454.0 1.2087440161311398E-21
455.0 1.273077166692751E-21
456.0 1.3405458259977919E-21
457.0 1.4112883234788691E-21
458.0 1.4854484275657403E-21
459.0 1.5631755306184386E-21
460.0 1.644624842174326E-21
461.0 1.7299575846323044E-21
462.0 1.819341197464596E-21
463.0 1.912949544062949E-21
464.0 2.01096312840226E-21
465.0 2.1135693133192153E-21
466.0 2.2209625483504433E-21
467.0 2.3333446025267857E-21
468.0 2.4509248027961224E-21
469.0 2.573920281102895E-21
470.0 2.7025562259036872E-21
471.0 2.8370661417607637E-21
472.0 2.9776921154548992E-21
473.0 3.1246850901137424E-21
474.0 3.278305145229598E-21
475.0 3.4388217845125886E-21
476.0 3.606514232988957E-21
477.0 3.781671738143961E-21
478.0 3.964593883754813E-21
479.0 4.1555909072885685E-21
480.0 4.3549840277879935E-21
481.0 4.563105783330843E-21
482.0 4.7803003726205664E-21
483.0 5.006924011000222E-21
484.0 5.243345290887593E-21
485.0 5.489945552081461E-21
486.0 5.7471192644858115E-21
487.0 6.0152744152487276E-21
488.0 6.294832908821649E-21
489.0 6.586230976639556E-21
490.0 6.889919594506803E-21
491.0 7.206364913050907E-21
492.0 7.536048696252095E-21
493.0 7.879468770243433E-21
494.0 8.237139485410079E-21
495.0 8.609592187326925E-21
496.0 8.997375696564389E-21
497.0 9.401056806683012E-21
498.0 9.821220785825735E-21
499.0 1.0258471893141175E-20
500.0 1.0713433910104561E-20