200.0 6.033835749452781E-16
201.0 6.233018680644697E-16
202.0 6.4368822649671E-16
203.0 6.645487116733296E-16
204.0 6.858893804631151E-16
205.0 7.077162847221111E-16
206.0 7.300354701771849E-16
207.0 7.528529764954134E-16
208.0 7.761748361940981E-16
209.0 8.000070742512926E-16
210.0 8.2435570776109E-16
211.0 8.492267454042635E-16
212.0 8.746261863403481E-16
213.0 9.005600208427056E-16
214.0 9.270342290094167E-16
215.0 9.540547796166143E-16
216.0 9.816276320171143E-16
217.0 1.009758733329951E-15
218.0 1.0384540191126508E-15
219.0 1.0677194128138373E-15
220.0 1.0975608257895475E-15
221.0 1.127984155925117E-15
222.0 1.1589952879245473E-15
223.0 1.1906000938609622E-15
224.0 1.222804430886039E-15
225.0 1.2556141426812151E-15
226.0 1.289035057732292E-15
227.0 1.3230729902636478E-15
228.0 1.3577337391316892E-15
229.0 1.3930230887115337E-15
230.0 1.4289468060269242E-15
231.0 1.4655106442831038E-15
232.0 1.502720339473788E-15
233.0 1.540581611515817E-15
234.0 1.5791001636384838E-15
235.0 1.6182816833125711E-15
236.0 1.6581318395012954E-15
237.0 1.698656285565039E-15
238.0 1.7398606562709655E-15
239.0 1.7817505704510838E-15
240.0 1.8243316281283576E-15
241.0 1.8676094126555812E-15
242.0 1.911589488381754E-15
243.0 1.9562774019910593E-15
244.0 2.0016786830862282E-15
245.0 2.0477988419815425E-15
246.0 2.094643369947064E-15
247.0 2.1422177417465104E-15
248.0 2.1905274118944205E-15
249.0 2.239577817211951E-15
250.0 2.28937437548891E-15
251.0 2.339922485614041E-15
252.0 2.3912275277367806E-15
253.0 2.4432948631837415E-15
254.0 2.4961298340971966E-15
255.0 2.549737763333779E-15
256.0 2.60412395582411E-15
257.0 2.6592936959309856E-15
258.0 2.7152522499715486E-15
259.0 2.772004863797236E-15
260.0 2.829556766371999E-15
261.0 2.887913164206773E-15
262.0 2.947079247167105E-15
263.0 3.0070601857007487E-15
264.0 3.0678611291163664E-15
265.0 3.1294872091193685E-15
266.0 3.1919435385439404E-15
267.0 3.2552352089092224E-15
268.0 3.3193672952025336E-15
269.0 3.384344849946523E-15
270.0 3.4501729098876296E-15
271.0 3.51685649030442E-15
272.0 3.584400588596747E-15
273.0 3.652810182080035E-15
274.0 3.7220902286885815E-15
275.0 3.792245669725469E-15
276.0 3.863281425236214E-15
277.0 3.935202396288356E-15
278.0 4.008013465811152E-15
279.0 4.081719497411118E-15
280.0 4.156325336207069E-15
281.0 4.231835809306787E-15
282.0 4.308255723255293E-15
283.0 4.385589867923734E-15
284.0 4.463843012173444E-15
285.0 4.5430199087394415E-15
286.0 4.623125290263509E-15
287.0 4.704163872031339E-15
288.0 4.7861403501761306E-15
289.0 4.869059403590897E-15
290.0 4.952925691100247E-15
291.0 5.0377438548467415E-15
292.0 5.1235185199308346E-15
293.0 5.210254289932722E-15
294.0 5.297955754984792E-15
295.0 5.3866274826952555E-15
296.0 5.476274026898569E-15
297.0 5.5668999220591484E-15
298.0 5.6585096848401655E-15
299.0 5.751107815244141E-15
300.0 5.8446987950448845E-15
301.0 5.939287088353386E-15
302.0 6.034877142798489E-15
303.0 6.131473389631942E-15
304.0 6.2290802414835916E-15
305.0 6.327702094104214E-15
306.0 6.427343327033671E-15
307.0 6.528008303093362E-15
308.0 6.629701367215908E-15
309.0 6.7324268501814784E-15
310.0 6.8361890625068325E-15
311.0 6.940992301317603E-15
312.0 7.0468408467115006E-15
313.0 7.153738961122456E-15
314.0 7.261690892614811E-15
315.0 7.370700873041445E-15
316.0 7.48077311606055E-15
317.0 7.591911821189328E-15
318.0 7.704121173972154E-15
319.0 7.817405340526948E-15
320.0 7.931768474499727E-15
321.0 8.047214710121793E-15
322.0 8.163748171501474E-15
323.0 8.281372963433815E-15
324.0 8.400093177183732E-15
325.0 8.519912887640302E-15
326.0 8.640836156351841E-15
327.0 8.762867027842981E-15
328.0 8.886009534224717E-15
329.0 9.010267692252244E-15
330.0 9.135645501766431E-15
331.0 9.262146948845327E-15
332.0 9.389776009968615E-15
333.0 9.518536640867957E-15
334.0 9.648432784529089E-15
335.0 9.779468373014826E-15
336.0 9.91164732008794E-15
337.0 1.0044973527034186E-14
338.0 1.0179450885397705E-14
339.0 1.0315083264171663E-14
340.0 1.0451874527916985E-14
341.0 1.0589828521277778E-14
342.0 1.0728949078612009E-14
343.0 1.0869240018768208E-14
344.0 1.1010705147794548E-14
345.0 1.1153348261809548E-14
346.0 1.1297173138802737E-14
347.0 1.1442183546008775E-14
348.0 1.1588383239130183E-14
349.0 1.1735775957646478E-14
350.0 1.1884365431524099E-14
351.0 1.2034155376521919E-14
352.0 1.2185149497153196E-14
353.0 1.2337351482801276E-14
354.0 1.2490765012709728E-14
355.0 1.2645393752066122E-14
356.0 1.280124135610095E-14
357.0 1.2958311468172894E-14
358.0 1.3116607715634603E-14
359.0 1.3276133716066137E-14
360.0 1.3436893079577281E-14
361.0 1.3598889395025853E-14
362.0 1.3762126249255235E-14
363.0 1.3926607212198851E-14
364.0 1.4092335841129498E-14
365.0 1.4259315688505464E-14
366.0 1.4427550285371913E-14
367.0 1.4597043162627287E-14
368.0 1.4767797834320702E-14
369.0 1.4939817798607224E-14
370.0 1.5113106552815437E-14
371.0 1.528766757504957E-14
372.0 1.5463504338175347E-14
373.0 1.5640620300501566E-14
374.0 1.5819018910514736E-14
375.0 1.5998703610639665E-14
376.0 1.6179677822678604E-14
377.0 1.6361944967336008E-14
378.0 1.654550845212249E-14
379.0 1.6730371672545827E-14
380.0 1.6916538015915992E-14
381.0 1.7104010858905138E-14
382.0 1.7292793566274884E-14
383.0 1.7482889496081717E-14
384.0 1.767430199458213E-14
385.0 1.786703440019128E-14
386.0 1.8061090035560013E-14
387.0 1.8256472222252315E-14
388.0 1.8453184264780195E-14
389.0 1.8651229462714175E-14
390.0 1.8850611105372916E-14
391.0 1.9051332470435823E-14
392.0 1.9253396829528393E-14
393.0 1.945680744271849E-14
394.0 1.966156755989537E-14
395.0 1.9867680426541493E-14
396.0 2.0075149272331032E-14
397.0 2.0283977328483047E-14
398.0 2.0494167803114335E-14
399.0 2.0705723906017107E-14
400.0 2.0918648834116377E-14
401.0 2.1132945777392058E-14
402.0 2.1348617918985977E-14
403.0 2.156566842610037E-14
404.0 2.178410046676021E-14
405.0 2.2003917194629018E-14
406.0 2.222512175352646E-14
407.0 2.244771728531821E-14
408.0 2.267170691903792E-14
409.0 2.2897093777170083E-14
410.0 2.3123880972511386E-14
411.0 2.3352071614663677E-14
412.0 2.358166879547667E-14
413.0 2.3812675608559715E-14
414.0 2.4045095136351337E-14
415.0 2.427893044835053E-14
416.0 2.451418461786075E-14
417.0 2.4750860702018996E-14
418.0 2.4988961750088474E-14
419.0 2.522849080348168E-14
420.0 2.546945090273869E-14
421.0 2.5711845072034383E-14
422.0 2.5955676336525263E-14
423.0 2.6200947708469893E-14
424.0 2.6447662192424996E-14
425.0 2.669582279066532E-14
426.0 2.6945432492502666E-14
427.0 2.7196494285069605E-14
428.0 2.744901114432482E-14
429.0 2.7702986044195948E-14
430.0 2.7958421947456533E-14
431.0 2.8215321805607424E-14
432.0 2.847368857387437E-14
433.0 2.873352519637451E-14
434.0 2.899483460599304E-14
435.0 2.925761973389905E-14
436.0 2.9521883500032686E-14
437.0 2.978762882665756E-14
438.0 3.0054858620975696E-14
439.0 3.032357578476815E-14
440.0 3.05937832164494E-14
441.0 3.0865483805173095E-14
442.0 3.113868043479931E-14
443.0 3.1413375983953017E-14
444.0 3.1689573326081224E-14
445.0 3.1967275319209675E-14
446.0 3.224648482847034E-14
447.0 3.252720470360306E-14
448.0 3.280943779127388E-14
449.0 3.309318693519427E-14
450.0 3.337845496560412E-14
451.0 3.366524471617578E-14
452.0 3.395355900279297E-14
453.0 3.4243400647035264E-14
454.0 3.453477245911456E-14
455.0 3.482767723991162E-14
456.0 3.5122117794135554E-14
457.0 3.54180969106395E-14
458.0 3.571561738224672E-14
459.0 3.6014681985816513E-14
460.0 3.6315293504579093E-14
461.0 3.6617454698910287E-14
462.0 3.692116834477359E-14
463.0 3.722643719518782E-14
464.0 3.753326400986222E-14
465.0 3.784165153691131E-14
466.0 3.8151602515029345E-14
467.0 3.8463119687552177E-14
468.0 3.877620578376568E-14
469.0 3.909086353299596E-14
470.0 3.940709566478167E-14
471.0 3.972490488486169E-14
472.0 4.0044293911127065E-14
473.0 4.0365265449676777E-14
474.0 4.068782220447709E-14
475.0 4.101196687250876E-14
476.0 4.13377021387395E-14
477.0 4.1665030703485045E-14
478.0 4.1993955232626436E-14
479.0 4.2324478415040243E-14
480.0 4.265660292009815E-14
481.0 4.299033141519214E-14
482.0 4.332566655809529E-14
483.0 4.3662611012387915E-14
484.0 4.400116743212824E-14
485.0 4.434133845910238E-14
486.0 4.468312673580199E-14
487.0 4.502653491088953E-14
488.0 4.537156561018468E-14
489.0 4.5718221468330366E-14
490.0 4.6066505107610805E-14
491.0 4.6416419148585284E-14
492.0 4.6767966207447736E-14
493.0 4.7121148896039215E-14
494.0 4.747596982736939E-14
495.0 4.78324315936098E-14
496.0 4.819053679351064E-14
497.0 4.855028802990871E-14
498.0 4.89116878902496E-14
499.0 4.9274738954783515E-14
500.0 4.96394438021898E-14