200.0 2.7022729838173318E-17
201.0 2.8223022744264355E-17
202.0 2.9464979175079183E-17
203.0 3.0749610573168335E-17
204.0 3.20779407867626E-17
205.0 3.345100598440507E-17
206.0 3.486985459333596E-17
207.0 3.63355472236143E-17
208.0 3.7849156610979816E-17
209.0 3.941176748646855E-17
210.0 4.102447655025494E-17
211.0 4.268839237499019E-17
212.0 4.440463530387466E-17
213.0 4.617433739913141E-17
214.0 4.7998642312658306E-17
215.0 4.9878705265702554E-17
216.0 5.181569286952589E-17
217.0 5.3810783145985204E-17
218.0 5.586516532768233E-17
219.0 5.798003985421668E-17
220.0 6.01566182290173E-17
221.0 6.239612293745198E-17
222.0 6.469978736660971E-17
223.0 6.706885568391131E-17
224.0 6.950458276314562E-17
225.0 7.200823411424162E-17
226.0 7.458108569417882E-17
227.0 7.722442390454865E-17
228.0 7.993954549662312E-17
229.0 8.272775735158836E-17
230.0 8.559037650460128E-17
231.0 8.852873004915919E-17
232.0 9.154415488270875E-17
233.0 9.463799785496818E-17
234.0 9.781161538596362E-17
235.0 1.0106637362474905E-16
236.0 1.0440364817287567E-16
237.0 1.0782482403683878E-16
238.0 1.113312955502335E-16
239.0 1.1492446624470956E-16
240.0 1.1860574874437934E-16
241.0 1.2237656473251246E-16
242.0 1.2623834472023128E-16
243.0 1.30192528069948E-16
244.0 1.342405627719453E-16
245.0 1.3838390549241068E-16
246.0 1.426240213803415E-16
247.0 1.469623839273416E-16
248.0 1.5140047496178732E-16
249.0 1.5593978447910266E-16
250.0 1.605818106084869E-16
251.0 1.6532805938277392E-16
252.0 1.7018004485635018E-16
253.0 1.7513928874119947E-16
254.0 1.8020732051086165E-16
255.0 1.8538567722387226E-16
256.0 1.9067590342080208E-16
257.0 1.9607955099931643E-16
258.0 2.01598179242836E-16
259.0 2.0723335463887652E-16
260.0 2.1298665061436775E-16
261.0 2.1885964775266464E-16
262.0 2.248539334910071E-16
263.0 2.3097110211539253E-16
264.0 2.3721275456304325E-16
265.0 2.435804985009171E-16
266.0 2.500759479708945E-16
267.0 2.567007236055811E-16
268.0 2.6345645223968364E-16
269.0 2.70344767086034E-16
270.0 2.773673073896804E-16
271.0 2.845257185896997E-16
272.0 2.918216519623535E-16
273.0 2.9925676476335193E-16
274.0 3.0683272004897194E-16
275.0 3.1455118645266397E-16
276.0 3.224138383471305E-16
277.0 3.304223555953245E-16
278.0 3.3857842352521996E-16
279.0 3.4688373277074214E-16
280.0 3.553399792861654E-16
281.0 3.639488640769013E-16
282.0 3.727120934764823E-16
283.0 3.816313786573978E-16
284.0 3.90708435722858E-16
285.0 3.999449856206253E-16
286.0 4.093427541392045E-16
287.0 4.189034718303712E-16
288.0 4.286288735908638E-16
289.0 4.385206990313661E-16
290.0 4.485806921464633E-16
291.0 4.588106013617502E-16
292.0 4.69212179181911E-16
293.0 4.797871826529419E-16
294.0 4.905373726439688E-16
295.0 5.014645141760976E-16
296.0 5.125703763527598E-16
297.0 5.238567320884101E-16
298.0 5.353253581760662E-16
299.0 5.46978035161989E-16
300.0 5.588165471617207E-16
301.0 5.708426820997971E-16
302.0 5.830582313203681E-16
303.0 5.954649895575215E-16
304.0 6.080647552556891E-16
305.0 6.2085932982369E-16
306.0 6.338505181822492E-16
307.0 6.470401284122921E-16
308.0 6.604299716801697E-16
309.0 6.740218621006047E-16
310.0 6.8781761710228E-16
311.0 7.018190567390239E-16
312.0 7.160280041208202E-16
313.0 7.304462850276472E-16
314.0 7.450757281027906E-16
315.0 7.599181646583213E-16
316.0 7.749754285377377E-16
317.0 7.9024935611489415E-16
318.0 8.057417865906691E-16
319.0 8.214545611439232E-16
320.0 8.373895236554815E-16
321.0 8.535485199860643E-16
322.0 8.699333988937217E-16
323.0 8.865460105284288E-16
324.0 9.033882079045362E-16
325.0 9.204618456802271E-16
326.0 9.37768780804152E-16
327.0 9.553108719740723E-16
328.0 9.730899800705232E-16
329.0 9.911079677735878E-16
330.0 1.0093666993241466E-15
331.0 1.0278680411596678E-15
332.0 1.0466138610777114E-15
333.0 1.0656060288870262E-15
334.0 1.0848464158202044E-15
335.0 1.1043368945590669E-15
336.0 1.124079339460117E-15
337.0 1.1440756264161446E-15
338.0 1.1643276328086018E-15
339.0 1.1848372369592655E-15
340.0 1.2056063189621061E-15
341.0 1.2266367602528995E-15
342.0 1.2479304429351959E-15
343.0 1.2694892506446423E-15
344.0 1.2913150686329137E-15
345.0 1.3134097825516655E-15
346.0 1.3357752793502778E-15
347.0 1.3584134473580949E-15
348.0 1.3813261751248666E-15
349.0 1.404515352705987E-15
350.0 1.4279828710725202E-15
351.0 1.451730621711365E-15
352.0 1.4757604972786035E-15
353.0 1.5000743908489857E-15
354.0 1.5246741965889613E-15
355.0 1.5495618088620093E-15
356.0 1.5747391235475481E-15
357.0 1.6002080361289268E-15
358.0 1.6259704434065126E-15
359.0 1.652028242450684E-15
360.0 1.6783833308098599E-15
361.0 1.7050376064684547E-15
362.0 1.7319929682165064E-15
363.0 1.7592513145227286E-15
364.0 1.786814545137666E-15
365.0 1.8146845596893246E-15
366.0 1.8428632577595265E-15
367.0 1.8713525398480447E-15
368.0 1.9001543061929994E-15
369.0 1.9292704576020082E-15
370.0 1.958702894832277E-15
371.0 1.988453518848215E-15
372.0 2.0185242306349036E-15
373.0 2.048916931472903E-15
374.0 2.0796335224390017E-15
375.0 2.110675905002208E-15
376.0 2.1420459801963204E-15
377.0 2.1737456490566477E-15
378.0 2.2057768132593373E-15
379.0 2.238141373269169E-15
380.0 2.270841230124784E-15
381.0 2.303878284929524E-15
382.0 2.337254437779969E-15
383.0 2.370971589283342E-15
384.0 2.4050316398514185E-15
385.0 2.43943648930879E-15
386.0 2.474188036659585E-15
387.0 2.5092881822582576E-15
388.0 2.544738824491947E-15
389.0 2.580541862129058E-15
390.0 2.6166991935646308E-15
391.0 2.653212716403318E-15
392.0 2.6900843287872164E-15
393.0 2.727315927234382E-15
394.0 2.764909408154688E-15
395.0 2.8028666682513797E-15
396.0 2.841189602481495E-15
397.0 2.8798801062488683E-15
398.0 2.9189400739617005E-15
399.0 2.9583713996205004E-15
400.0 2.998175976587667E-15
401.0 3.0383556973434083E-15
402.0 3.0789124541059545E-15
403.0 3.1198481386063695E-15
404.0 3.161164641176302E-15
405.0 3.20286385204626E-15
406.0 3.244947660438105E-15
407.0 3.2874179556846903E-15
408.0 3.33027662491146E-15
409.0 3.3735255555384885E-15
410.0 3.417166633881527E-15
411.0 3.4612017458377687E-15
412.0 3.505632775664748E-15
413.0 3.550461607642005E-15
414.0 3.5956901246010484E-15
415.0 3.6413202091318354E-15
416.0 3.6873537420700416E-15
417.0 3.733792604229603E-15
418.0 3.78063867539094E-15
419.0 3.8278938329652335E-15
420.0 3.875559956136331E-15
421.0 3.923638920901833E-15
422.0 3.972132602640552E-15
423.0 4.021042876658041E-15
424.0 4.070371617113007E-15
425.0 4.120120695601718E-15
426.0 4.170291984993987E-15
427.0 4.220887355278053E-15
428.0 4.271908676600724E-15
429.0 4.323357817576411E-15
430.0 4.375236644955517E-15
431.0 4.427547025926961E-15
432.0 4.480290825797116E-15
433.0 4.533469908536163E-15
434.0 4.5870861367519276E-15
435.0 4.641141373499231E-15
436.0 4.6956374789428605E-15
437.0 4.750576312753188E-15
438.0 4.805959734123285E-15
439.0 4.861789599246032E-15
440.0 4.9180677653811905E-15
441.0 4.974796086418197E-15
442.0 5.0319764166785146E-15
443.0 5.08961060900166E-15
444.0 5.1477005143865844E-15
445.0 5.206247982285655E-15
446.0 5.265254862608957E-15
447.0 5.3247230016902076E-15
448.0 5.384654246648677E-15
449.0 5.445050442340513E-15
450.0 5.5059134327043995E-15
451.0 5.567245059350129E-15
452.0 5.629047164356986E-15
453.0 5.691321587459112E-15
454.0 5.754070166350356E-15
455.0 5.817294739207482E-15
456.0 5.880997141060583E-15
457.0 5.945179207058915E-15
458.0 6.009842770266647E-15
459.0 6.074989662378137E-15
460.0 6.140621713706974E-15
461.0 6.2067407539466185E-15
462.0 6.273348610245378E-15
463.0 6.3404471091089994E-15
464.0 6.40803807563065E-15
465.0 6.476123333479589E-15
466.0 6.544704704084611E-15
467.0 6.613784009431678E-15
468.0 6.683363067632852E-15
469.0 6.7534436973550816E-15
470.0 6.824027714979735E-15
471.0 6.895116935816582E-15
472.0 6.96671317283976E-15
473.0 7.038818238775629E-15
474.0 7.111433944422371E-15
475.0 7.184562099488947E-15
476.0 7.258204509977623E-15
477.0 7.332362984696071E-15
478.0 7.407039326980493E-15
479.0 7.482235340794938E-15
480.0 7.557952828551619E-15
481.0 7.634193590189004E-15
482.0 7.710959424959323E-15
483.0 7.788252130528237E-15
484.0 7.866073502031237E-15
485.0 7.944425335782794E-15
486.0 8.023309423220997E-15
487.0 8.102727556491695E-15
488.0 8.182681526606019E-15
489.0 8.2631731200554E-15
490.0 8.344204125035478E-15
491.0 8.425776327628716E-15
492.0 8.507891511277985E-15
493.0 8.590551457736054E-15
494.0 8.673757949067298E-15
495.0 8.757512764160669E-15
496.0 8.841817681216017E-15
497.0 8.926674475195178E-15
498.0 9.012084923459656E-15
499.0 9.098050797025888E-15
500.0 9.184573868278422E-15