200.0 5.813740133457055E-14
201.0 5.818176756193884E-14
202.0 5.822656650255853E-14
203.0 5.827181190793501E-14
204.0 5.831751699920552E-14
205.0 5.836369452990601E-14
206.0 5.841035680648186E-14
207.0 5.845751563535381E-14
208.0 5.850518245669765E-14
209.0 5.85533682419854E-14
210.0 5.860208356993355E-14
211.0 5.865133862088447E-14
212.0 5.870114320301058E-14
213.0 5.87515067778427E-14
214.0 5.880243841423331E-14
215.0 5.885394686889053E-14
216.0 5.89060405477211E-14
217.0 5.895872758483843E-14
218.0 5.901201574121795E-14
219.0 5.90659125143338E-14
220.0 5.912042512974005E-14
221.0 5.917556050206219E-14
222.0 5.923132530387195E-14
223.0 5.928772591867265E-14
224.0 5.93447685315612E-14
225.0 5.940245904380394E-14
226.0 5.946080312493244E-14
227.0 5.951980622610347E-14
228.0 5.957947360811375E-14
229.0 5.963981028664462E-14
230.0 5.970082109019561E-14
231.0 5.976251065003675E-14
232.0 5.982488339030459E-14
233.0 5.988794359930955E-14
234.0 5.995169533778122E-14
235.0 6.001614253923008E-14
236.0 6.008128894774006E-14
237.0 6.014713814421392E-14
238.0 6.021369357932902E-14
239.0 6.028095854074142E-14
240.0 6.034893617131871E-14
241.0 6.041762951574759E-14
242.0 6.048704143007769E-14
243.0 6.055717467863606E-14
244.0 6.062803188667217E-14
245.0 6.069961557194406E-14
246.0 6.077192813320639E-14
247.0 6.084497186004818E-14
248.0 6.091874893547799E-14
249.0 6.099326143842376E-14
250.0 6.106851136016407E-14
251.0 6.11445005785333E-14
252.0 6.122123089521476E-14
253.0 6.129870400290901E-14
254.0 6.137692155693652E-14
255.0 6.14558850521586E-14
256.0 6.153559599819946E-14
257.0 6.161605572751867E-14
258.0 6.169726561100979E-14
259.0 6.177922686670454E-14
260.0 6.18619406647327E-14
261.0 6.194540811496994E-14
262.0 6.202963026841755E-14
263.0 6.211460812531075E-14
264.0 6.220034260929885E-14
265.0 6.22868345756735E-14
266.0 6.237408487996155E-14
267.0 6.246209426440504E-14
268.0 6.255086346686579E-14
269.0 6.264039316125677E-14
270.0 6.273068395207219E-14
271.0 6.282173645537448E-14
272.0 6.29135511929659E-14
273.0 6.300612868648426E-14
274.0 6.309946938514785E-14
275.0 6.319357372620894E-14
276.0 6.32884420894017E-14
277.0 6.338407485693468E-14
278.0 6.348047232865768E-14
279.0 6.357763482122907E-14
280.0 6.367556260953454E-14
281.0 6.377425589484015E-14
282.0 6.387371492269051E-14
283.0 6.39739398789909E-14
284.0 6.407493090375681E-14
285.0 6.417668814342482E-14
286.0 6.427921171876058E-14
287.0 6.438250173171929E-14
288.0 6.448655824653068E-14
289.0 6.45913813286607E-14
290.0 6.469697099376696E-14
291.0 6.480332729129884E-14
292.0 6.491045020870121E-14
293.0 6.501833973570842E-14
294.0 6.512699585807308E-14
295.0 6.523641851964277E-14
296.0 6.534660767977475E-14
297.0 6.54575632690341E-14
298.0 6.556928520842614E-14
299.0 6.568177342212276E-14
300.0 6.579502780603731E-14
301.0 6.590904826575876E-14
302.0 6.602383465381188E-14
303.0 6.613938688275578E-14
304.0 6.625570479348575E-14
305.0 6.63727882743486E-14
306.0 6.649063716108335E-14
307.0 6.660925131808472E-14
308.0 6.672863057604446E-14
309.0 6.684877478180009E-14
310.0 6.696968376721014E-14
311.0 6.709135736778039E-14
312.0 6.721379541023675E-14
313.0 6.733699772487308E-14
314.0 6.746096412082638E-14
315.0 6.758569441691851E-14
316.0 6.771118844152155E-14
317.0 6.78374460078762E-14
318.0 6.796446693249836E-14
319.0 6.809225102283078E-14
320.0 6.822079810166577E-14
321.0 6.835010797032118E-14
322.0 6.848018045746267E-14
323.0 6.861101536401489E-14
324.0 6.874261252406291E-14
325.0 6.887497173162292E-14
326.0 6.900809281360239E-14
327.0 6.914197558704999E-14
328.0 6.927661987726112E-14
329.0 6.941202551155931E-14
330.0 6.954819229498301E-14
331.0 6.968512006460828E-14
332.0 6.982280865908964E-14
333.0 6.996125790646948E-14
334.0 7.010046764214706E-14
335.0 7.024043770268809E-14
336.0 7.038116793167917E-14
337.0 7.052265816754598E-14
338.0 7.066490827939785E-14
339.0 7.080791811282679E-14
340.0 7.095168751978392E-14
341.0 7.109621636437164E-14
342.0 7.124150451068515E-14
343.0 7.138755182861947E-14
344.0 7.153435820560974E-14
345.0 7.168192351064469E-14
346.0 7.183024762989927E-14
347.0 7.197933046054647E-14
348.0 7.212917188677356E-14
349.0 7.227977181529535E-14
350.0 7.243113014542574E-14
351.0 7.258324679858187E-14
352.0 7.273612168247669E-14
353.0 7.28897547087595E-14
354.0 7.304414582240793E-14
355.0 7.3199294942309E-14
356.0 7.335520202025802E-14
357.0 7.351186698162304E-14
358.0 7.366928979606247E-14
359.0 7.382747040054145E-14
360.0 7.398640876408138E-14
361.0 7.414610485214124E-14
362.0 7.430655864410464E-14
363.0 7.44677701154096E-14
364.0 7.462973924325751E-14
365.0 7.479246602992739E-14
366.0 7.495595046728729E-14
367.0 7.512019257185639E-14
368.0 7.52851923317589E-14
369.0 7.545094977110976E-14
370.0 7.561746491457695E-14
371.0 7.578473779891003E-14
372.0 7.595276844345437E-14
373.0 7.612155690267506E-14
374.0 7.6291103207398E-14
375.0 7.646140743484018E-14
376.0 7.663246963234672E-14
377.0 7.680428985816634E-14
378.0 7.697686819875918E-14
379.0 7.715020472769767E-14
380.0 7.732429952884655E-14
381.0 7.749915270199364E-14
382.0 7.767476433348172E-14
383.0 7.78511345368516E-14
384.0 7.80282634234766E-14
385.0 7.820615110821022E-14
386.0 7.838479771501963E-14
387.0 7.856420337678947E-14
388.0 7.874436822348896E-14
389.0 7.892529240526376E-14
390.0 7.910697606314782E-14
391.0 7.928941936378179E-14
392.0 7.94726224643208E-14
393.0 7.965658552970244E-14
394.0 7.984130874408031E-14
395.0 8.002679226995592E-14
396.0 8.021303631191644E-14
397.0 8.040004105834091E-14
398.0 8.058780669865809E-14
399.0 8.077633345800015E-14
400.0 8.09656215273436E-14
401.0 8.115567113880728E-14
402.0 8.134648251322115E-14
403.0 8.153805587736774E-14
404.0 8.173039146960336E-14
405.0 8.192348953387958E-14
406.0 8.21173503195666E-14
407.0 8.231197407548054E-14
408.0 8.250736107290679E-14
409.0 8.270351155903409E-14
410.0 8.290042582636993E-14
411.0 8.309810414878164E-14
412.0 8.329654679872731E-14
413.0 8.34957540818698E-14
414.0 8.369572627313837E-14
415.0 8.389646370931568E-14
416.0 8.409796666133813E-14
417.0 8.430023546166371E-14
418.0 8.450327042874898E-14
419.0 8.470707187847905E-14
420.0 8.491164014719377E-14
421.0 8.511697557413787E-14
422.0 8.532307849550114E-14
423.0 8.552994926745243E-14
424.0 8.573758822539448E-14
425.0 8.594599573599073E-14
426.0 8.615517217381898E-14
427.0 8.636511789802127E-14
428.0 8.657583328114103E-14
429.0 8.67873187147768E-14
430.0 8.699957456882471E-14
431.0 8.721260124353581E-14
432.0 8.742639913456018E-14
433.0 8.764096863859894E-14
434.0 8.785631016486081E-14
435.0 8.807242414072805E-14
436.0 8.82893109535549E-14
437.0 8.850697103759971E-14
438.0 8.872540483906476E-14
439.0 8.894461275786324E-14
440.0 8.916459526364737E-14
441.0 8.938535276786435E-14
442.0 8.960688573982056E-14
443.0 8.982919462519181E-14
444.0 9.005227988656725E-14
445.0 9.027614196842414E-14
446.0 9.050078136678599E-14
447.0 9.072619852438608E-14
448.0 9.095239393524542E-14
449.0 9.117936807472664E-14
450.0 9.14071214343157E-14
451.0 9.163565449237753E-14
452.0 9.186496775479472E-14
453.0 9.209506172572474E-14
454.0 9.232593690162912E-14
455.0 9.255759379446271E-14
456.0 9.279003290822291E-14
457.0 9.302325478549883E-14
458.0 9.325725993149851E-14
459.0 9.349204886642404E-14
460.0 9.372762213705026E-14
461.0 9.396398026988339E-14
462.0 9.42011238177719E-14
463.0 9.443905331303424E-14
464.0 9.467776931410381E-14
465.0 9.491727237033107E-14
466.0 9.515756302769572E-14
467.0 9.539864186382404E-14
468.0 9.56405094410434E-14
469.0 9.588316632381916E-14
470.0 9.612661309036467E-14
471.0 9.63708503208137E-14
472.0 9.661587858536394E-14
473.0 9.686169849111462E-14
474.0 9.71083106115285E-14
475.0 9.735571555089209E-14
476.0 9.760391389134516E-14
477.0 9.785290625154091E-14
478.0 9.810269322775941E-14
479.0 9.835327544084444E-14
480.0 9.860465349491217E-14
481.0 9.885682800077119E-14
482.0 9.910979959941018E-14
483.0 9.936356889116803E-14
484.0 9.961813652405475E-14
485.0 9.98735031288023E-14
486.0 1.0012966931871301E-13
487.0 1.003866357604346E-13
488.0 1.0064440309119482E-13
489.0 1.0090297194228314E-13
490.0 1.0116234296853062E-13
491.0 1.0142251683641738E-13
492.0 1.0168349418843961E-13
493.0 1.0194527570223669E-13
494.0 1.02207862025319E-13
495.0 1.0247125382237251E-13
496.0 1.0273545178114189E-13
497.0 1.0300045655296332E-13
498.0 1.0326626884175534E-13
499.0 1.0353288930292151E-13
500.0 1.0380031862645519E-13