200.0 1.0086180641312667E-16
201.0 1.0494024384866895E-16
202.0 1.0914407597574848E-16
203.0 1.134758358030233E-16
204.0 1.1793807558520162E-16
205.0 1.2253336649809224E-16
206.0 1.2726429827741792E-16
207.0 1.3213347899626352E-16
208.0 1.371435346174031E-16
209.0 1.4229710877381718E-16
210.0 1.4759686236928648E-16
211.0 1.5304547330935067E-16
212.0 1.5864563622214381E-16
213.0 1.644000620768291E-16
214.0 1.703114778131442E-16
215.0 1.763826262213538E-16
216.0 1.8261626540006573E-16
217.0 1.890151687212686E-16
218.0 1.9558212412850957E-16
219.0 2.023199342646873E-16
220.0 2.0923141583735859E-16
221.0 2.1631939948620056E-16
222.0 2.235867294245241E-16
223.0 2.310362631318168E-16
224.0 2.3867087116959415E-16
225.0 2.464934366734763E-16
226.0 2.5450685523031405E-16
227.0 2.627140344892297E-16
228.0 2.7111789409912365E-16
229.0 2.7972136502083523E-16
230.0 2.885273896015067E-16
231.0 2.9753892115833747E-16
232.0 3.0675892365525926E-16
233.0 3.1619037160875205E-16
234.0 3.2583624946651355E-16
235.0 3.356995517522788E-16
236.0 3.4578328265009856E-16
237.0 3.5609045552310313E-16
238.0 3.6662409284348457E-16
239.0 3.7738722615641705E-16
240.0 3.883828952445535E-16
241.0 3.9961414863323265E-16
242.0 4.1108404255790513E-16
243.0 4.227956413124034E-16
244.0 4.347520167709006E-16
245.0 4.469562479813213E-16
246.0 4.594114214345597E-16
247.0 4.721206301496204E-16
248.0 4.850869741212884E-16
249.0 4.983135596066038E-16
250.0 5.118034990485232E-16
251.0 5.255599110248115E-16
252.0 5.395859197322285E-16
253.0 5.538846548716842E-16
254.0 5.684592518082567E-16
255.0 5.833128505378395E-16
256.0 5.984485964222394E-16
257.0 6.138696392059483E-16
258.0 6.295791334700161E-16
259.0 6.455802380328987E-16
260.0 6.618761155190242E-16
261.0 6.784699328702887E-16
262.0 6.953648605060303E-16
263.0 7.125640727219049E-16
264.0 7.300707468186658E-16
265.0 7.478880636030846E-16
266.0 7.660192067396992E-16
267.0 7.844673627197225E-16
268.0 8.032357209374257E-16
269.0 8.223274728351236E-16
270.0 8.417458125766844E-16
271.0 8.614939363682539E-16
272.0 8.815750425547235E-16
273.0 9.01992331086766E-16
274.0 9.227490040086999E-16
275.0 9.438482643517303E-16
276.0 9.652933169240027E-16
277.0 9.870873677834737E-16
278.0 1.0092336240843606E-15
279.0 1.03173529381924E-15
280.0 1.0545955858751262E-15
281.0 1.0778177096746367E-15
282.0 1.1014048755790184E-15
283.0 1.1253602939849464E-15
284.0 1.1496871757308807E-15
285.0 1.174388731502733E-15
286.0 1.1994681727545578E-15
287.0 1.2249287102969034E-15
288.0 1.2507735547396664E-15
289.0 1.2770059166198396E-15
290.0 1.303629005654767E-15
291.0 1.3306460315045604E-15
292.0 1.3580602024952015E-15
293.0 1.3858747270703606E-15
294.0 1.4140928119596407E-15
295.0 1.4427176632552747E-15
296.0 1.4717524859033702E-15
297.0 1.5012004840244661E-15
298.0 1.531064859657714E-15
299.0 1.5613488140867095E-15
300.0 1.5920555471803677E-15
301.0 1.6231882566775448E-15
302.0 1.6547501391417537E-15
303.0 1.6867443887861766E-15
304.0 1.7191741986272108E-15
305.0 1.7520427596190696E-15
306.0 1.7853532603827955E-15
307.0 1.8191088879398683E-15
308.0 1.8533128266270994E-15
309.0 1.887968258670122E-15
310.0 1.9230783642873395E-15
311.0 1.9586463207281062E-15
312.0 1.9946753032469483E-15
313.0 2.0311684845022573E-15
314.0 2.068129034284438E-15
315.0 2.1055601198031577E-15
316.0 2.143464905425329E-15
317.0 2.1818465529892247E-15
318.0 2.2207082215531114E-15
319.0 2.2600530665182665E-15
320.0 2.2998842407436196E-15
321.0 2.3402048940938264E-15
322.0 2.3810181733773314E-15
323.0 2.4223272216401086E-15
324.0 2.464135179586497E-15
325.0 2.506445183810986E-15
326.0 2.5492603682477288E-15
327.0 2.592583862794342E-15
328.0 2.636418794590552E-15
329.0 2.6807682868399793E-15
330.0 2.7256354589590557E-15
331.0 2.7710234277053953E-15
332.0 2.8169353049972445E-15
333.0 2.8633742002434636E-15
334.0 2.9103432186219516E-15
335.0 2.9578454612465483E-15
336.0 3.0058840263797196E-15
337.0 3.0544620071078797E-15
338.0 3.1035824938377596E-15
339.0 3.1532485727290418E-15
340.0 3.2034633258963266E-15
341.0 3.254229831084433E-15
342.0 3.305551162708803E-15
343.0 3.3574303907348824E-15
344.0 3.409870582031773E-15
345.0 3.4628747975156393E-15
346.0 3.5164460954900527E-15
347.0 3.570587529934225E-15
348.0 3.625302149558464E-15
349.0 3.680593000119561E-15
350.0 3.736463122627623E-15
351.0 3.7929155542090385E-15
352.0 3.849953327154969E-15
353.0 3.9075794691720885E-15
354.0 3.965797004940623E-15
355.0 4.024608952911452E-15
356.0 4.084018329767653E-15
357.0 4.144028144892934E-15
358.0 4.204641405556763E-15
359.0 4.265861113616582E-15
360.0 4.327690265431248E-15
361.0 4.390131855260692E-15
362.0 4.453188871145878E-15
363.0 4.516864297278856E-15
364.0 4.58116111329445E-15
365.0 4.646082294243361E-15
366.0 4.711630810196367E-15
367.0 4.777809627316592E-15
368.0 4.844621707119455E-15
369.0 4.912070006446153E-15
370.0 4.98015747705127E-15
371.0 5.048887067115605E-15
372.0 5.1182617193112E-15
373.0 5.1882843719283965E-15
374.0 5.258957958870643E-15
375.0 5.330285409649857E-15
376.0 5.402269648969594E-15
377.0 5.4749135954494375E-15
378.0 5.548220165740129E-15
379.0 5.6221922695485944E-15
380.0 5.696832812507952E-15
381.0 5.772144697498932E-15
382.0 5.848130818590404E-15
383.0 5.924794069678447E-15
384.0 6.0021373375399545E-15
385.0 6.0801635048601665E-15
386.0 6.158875447963806E-15
387.0 6.238276041801215E-15
388.0 6.3183681535712164E-15
389.0 6.399154648211723E-15
390.0 6.480638384225736E-15
391.0 6.56282221550636E-15
392.0 6.645708992790338E-15
393.0 6.729301560288882E-15
394.0 6.81360275856115E-15
395.0 6.898615423055519E-15
396.0 6.984342384585904E-15
397.0 7.0707864698370676E-15
398.0 7.157950499837344E-15
399.0 7.245837291986233E-15
400.0 7.334449657995884E-15
401.0 7.423790405427685E-15
402.0 7.513862337711631E-15
403.0 7.60466825254299E-15
404.0 7.696210942370887E-15
405.0 7.78849319767492E-15
406.0 7.88151780096489E-15
407.0 7.97528753336096E-15
408.0 8.069805168505023E-15
409.0 8.165073476429373E-15
410.0 8.261095223602189E-15
411.0 8.35787317122414E-15
412.0 8.455410073428751E-15
413.0 8.553708684293622E-15
414.0 8.65277174785978E-15
415.0 8.752602010579514E-15
416.0 8.853202206378822E-15
417.0 8.954575071070874E-15
418.0 9.056723332087576E-15
419.0 9.159649712692605E-15
420.0 9.26335693326422E-15
421.0 9.367847708817123E-15
422.0 9.473124748964671E-15
423.0 9.57919075982833E-15
424.0 9.686048442773606E-15
425.0 9.793700493738645E-15
426.0 9.902149605193815E-15
427.0 1.0011398465515771E-14
428.0 1.012144975493572E-14
429.0 1.023230615632556E-14
430.0 1.0343970339640724E-14
431.0 1.0456444976861536E-14
432.0 1.056973273175021E-14
433.0 1.0683836266057766E-14
434.0 1.079875823463496E-14
435.0 1.0914501291084687E-14
436.0 1.1031068080642892E-14
437.0 1.114846124586571E-14
438.0 1.1266683428918105E-14
439.0 1.1385737258354419E-14
440.0 1.1505625368232758E-14
441.0 1.1626350381139697E-14
442.0 1.1747914917806241E-14
443.0 1.18703215956773E-14
444.0 1.1993573028957309E-14
445.0 1.2117671820066678E-14
446.0 1.2242620578232933E-14
447.0 1.2368421897728363E-14
448.0 1.2495078375836343E-14
449.0 1.2622592601863472E-14
450.0 1.275096716349366E-14
451.0 1.2880204640345488E-14
452.0 1.3010307612077449E-14
453.0 1.3141278651075184E-14
454.0 1.3273120325686988E-14
455.0 1.340583520361516E-14
456.0 1.3539425840138392E-14
457.0 1.3673894797528814E-14
458.0 1.3809244623875865E-14
459.0 1.3945477868383094E-14
460.0 1.4082597075432001E-14
461.0 1.4220604784559253E-14
462.0 1.435950353043354E-14
463.0 1.449929584552526E-14
464.0 1.4639984255660234E-14
465.0 1.4781571285396136E-14
466.0 1.4924059451705486E-14
467.0 1.506745127217414E-14
468.0 1.5211749253996667E-14
469.0 1.535695590782822E-14
470.0 1.5503073733880215E-14
471.0 1.565010523121426E-14
472.0 1.5798052893054465E-14
473.0 1.5946919213492406E-14
474.0 1.6096706675983643E-14
475.0 1.6247417763897848E-14
476.0 1.6399054955726215E-14
477.0 1.6551620725052554E-14
478.0 1.6705117544531792E-14
479.0 1.685954787893763E-14
480.0 1.701491419214024E-14
481.0 1.717121894210018E-14
482.0 1.7328464583894217E-14
483.0 1.7486653567679333E-14
484.0 1.7645788341796962E-14
485.0 1.7805871349691504E-14
486.0 1.7966905026697398E-14
487.0 1.8128891813772345E-14
488.0 1.829183414063397E-14
489.0 1.8455734433080846E-14
490.0 1.862059511517348E-14
491.0 1.8786418609311082E-14
492.0 1.8953207329680274E-14
493.0 1.9120963689892396E-14
494.0 1.928969010085806E-14
495.0 1.9459388961808053E-14
496.0 1.9630062678186707E-14
497.0 1.9801713647141825E-14
498.0 1.9974344263123904E-14
499.0 2.014795691213462E-14
500.0 2.03225539843941E-14