200.0 8.903579947409217E-35
201.0 1.1478757166558853E-34
202.0 1.476219253965834E-34
203.0 1.8938629494513752E-34
204.0 2.423837480031553E-34
205.0 3.094788595191396E-34
206.0 3.942266672713915E-34
207.0 5.01029406120382E-34
208.0 6.3532660620857515E-34
209.0 8.038251793546928E-34
210.0 1.0147773396761002E-33
211.0 1.2783156295795932E-33
212.0 1.606855985738052E-33
213.0 2.0155817232345526E-33
214.0 2.523023560149442E-33
215.0 3.151753438212927E-33
216.0 3.929212908403082E-33
217.0 4.88870037806326E-33
218.0 6.0705455374283086E-33
219.0 7.52350398848511E-33
220.0 9.306410430302207E-33
221.0 1.1490134958113103E-32
222.0 1.41598940887776E-32
223.0 1.7417976244024064E-32
224.0 2.138695067548092E-32
225.0 2.6213439431475637E-32
226.0 3.2072543924664967E-32
227.0 3.917303155396743E-32
228.0 4.7763403264711903E-32
229.0 5.813898062389225E-32
230.0 7.06501712833565E-32
231.0 8.571209405723817E-32
232.0 1.0381577061423677E-31
233.0 1.2554111997941006E-31
234.0 1.51572023910592E-31
235.0 1.8271376893022266E-31
236.0 2.199132109627867E-31
237.0 2.642820552459099E-31
238.0 3.1712369686723613E-31
239.0 3.7996412294788336E-31
240.0 4.54587445413078E-31
241.0 5.430767034303972E-31
242.0 6.478606562209011E-31
243.0 7.7176737708767394E-31
244.0 9.180855597103505E-31
245.0 1.090634558023974E-30
246.0 1.2938443065846465E-30
247.0 1.5328464013022984E-30
248.0 1.8135777793546247E-30
249.0 2.1428985935773334E-30
250.0 2.5287260766057118E-30
251.0 2.980186378115283E-30
252.0 3.507786599347458E-30
253.0 4.123609487449534E-30
254.0 4.8415335290087655E-30
255.0 5.67748148372077E-30
256.0 6.649700728947125E-30
257.0 7.779079135573348E-30
258.0 9.08950063179121E-30
259.0 1.0608244970750087E-29
260.0 1.236643679071171E-29
261.0 1.4399549481770184E-29
262.0 1.67479700011891E-29
263.0 1.9457631384695E-29
264.0 2.2580720332833234E-29
265.0 2.617646805036981E-29
266.0 3.0312033277045644E-29
267.0 3.506348729118654E-29
268.0 4.051691164473385E-29
269.0 4.6769620405367163E-29
270.0 5.393151980455279E-29
271.0 6.212661924317815E-29
272.0 7.14947091580768E-29
273.0 8.219322244330814E-29
274.0 9.439929765399846E-29
275.0 1.083120639774612E-28
276.0 1.2415516956888224E-28
277.0 1.4217957686486223E-28
278.0 1.6266665042563367E-28
279.0 1.8593156507564624E-28
280.0 2.1232706454618514E-28
281.0 2.4224760336146233E-28
282.0 2.76133907251003E-28
283.0 3.1447799036932787E-28
284.0 3.578286711196394E-28
285.0 4.067976309977994E-28
286.0 4.620660652966447E-28
287.0 5.243919769764462E-28
288.0 5.946181715462726E-28
289.0 6.736810122832122E-28
290.0 7.62620001728516E-28
291.0 8.625882607572478E-28
292.0 9.748639782348193E-28
293.0 1.1008629162781125E-27
294.0 1.2421520558268816E-27
295.0 1.4004644767956361E-27
296.0 1.5777155749857323E-27
297.0 1.776020721017382E-27
298.0 1.997714479976781E-27
299.0 2.2453715120215434E-27
300.0 2.5218292905182712E-27
301.0 2.8302127740125044E-27
302.0 3.173961188577951E-27
303.0 3.556857080522821E-27
304.0 3.983057808088633E-27
305.0 4.457129663223134E-27
306.0 4.984084810733971E-27
307.0 5.569421267454914E-27
308.0 6.219166123399685E-27
309.0 6.939922265455895E-27
310.0 7.738918837368327E-27
311.0 8.624065712287167E-27
312.0 9.60401226176232E-27
313.0 1.0688210718303815E-26
314.0 1.1886984468405589E-26
315.0 1.3211601586528333E-26
316.0 1.4674354010949837E-26
317.0 1.6288642696728467E-26
318.0 1.8069069207035183E-26
319.0 2.0031534108027597E-26
320.0 2.2193342683894706E-26
321.0 2.4573318401204282E-26
322.0 2.7191924664396504E-26
323.0 3.00713953674835E-26
324.0 3.323587485587869E-26
325.0 3.6711567832773254E-26
326.0 4.0526899880570597E-26
327.0 4.471268927489064E-26
328.0 4.9302330759764075E-26
329.0 5.433199199645478E-26
330.0 5.984082356729169E-26
331.0 6.587118324049733E-26
332.0 7.24688754058411E-26
333.0 7.968340657132025E-26
334.0 8.756825794926101E-26
335.0 9.618117594843117E-26
336.0 1.0558448185854199E-25
337.0 1.1584540157750786E-25
338.0 1.2703641687113785E-25
339.0 1.3923563892433014E-25
340.0 1.5252720587150626E-25
341.0 1.6700170551800357E-25
342.0 1.8275662437598254E-25
343.0 1.9989682498429386E-25
344.0 2.185350526824249E-25
345.0 2.3879247324294977E-25
346.0 2.6079924389394295E-25
347.0 2.8469511833087986E-25
348.0 3.1063008840976967E-25
349.0 3.387650642651759E-25
350.0 3.692725944876334E-25
351.0 4.02337628695752E-25
352.0 4.381583249847261E-25
353.0 4.769469039071498E-25
354.0 5.189305518063585E-25
355.0 5.643523757559707E-25
356.0 6.134724128270338E-25
357.0 6.665686962533127E-25
358.0 7.239383812017418E-25
359.0 7.858989335506923E-25
360.0 8.52789383645011E-25
361.0 9.249716495825798E-25
362.0 1.0028319319588443E-24
363.0 1.0867821846173829E-24
364.0 1.1772616638955002E-24
365.0 1.2747385606134358E-24
366.0 1.3797117190221092E-24
367.0 1.4927124453178906E-24
368.0 1.6143064115678682E-24
369.0 1.745095658094764E-24
370.0 1.885720698646697E-24
371.0 2.036862733957344E-24
372.0 2.1992459776336387E-24
373.0 2.3736400991432066E-24
374.0 2.560862790179889E-24
375.0 2.7617824588988577E-24
376.0 2.977321055165476E-24
377.0 3.2084570375624203E-24
378.0 3.456228485766061E-24
379.0 3.721736358576165E-24
380.0 4.0061479163975244E-24
381.0 4.310700301996589E-24
382.0 4.636704291032948E-24
383.0 4.9855482270782704E-24
384.0 5.358702130978481E-24
385.0 5.7577220094406746E-24
386.0 6.184254357814273E-24
387.0 6.640040875326115E-24
388.0 7.126923391657242E-24
389.0 7.646849016018383E-24
390.0 8.201875524169219E-24
391.0 8.7941769810909E-24
392.0 9.426049615756242E-24
393.0 1.0099917953380373E-23
394.0 1.0818341227983007E-23
395.0 1.1584020053694191E-23
396.0 1.239980340645081E-23
397.0 1.326869589846727E-23
398.0 1.4193865353933913E-23
399.0 1.5178650726241923E-23
400.0 1.622657033387337E-23
401.0 1.7341330447188065E-23
402.0 1.8526834241193006E-23
403.0 1.978719110089845E-23
404.0 2.1126726329668312E-23
405.0 2.25499912405944E-23
406.0 2.406177366627924E-23
407.0 2.566710889244215E-23
408.0 2.7371291023371235E-23
409.0 2.917988480500414E-23
410.0 3.109873792521235E-23
411.0 3.3133993785175247E-23
412.0 3.5292104775877423E-23
413.0 3.7579846070927784E-23
414.0 4.000432994688807E-23
415.0 4.2573020689971075E-23
416.0 4.52937499884411E-23
417.0 4.8174733012941204E-23
418.0 5.1224585019289343E-23
419.0 5.44523386100501E-23
420.0 5.786746165649631E-23
421.0 6.147987583246191E-23
422.0 6.529997586396612E-23
423.0 6.933864950340176E-23
424.0 7.360729817314317E-23
425.0 7.811785838620942E-23
426.0 8.288282394773961E-23
427.0 8.791526892941029E-23
428.0 9.322887145016312E-23
429.0 9.883793831715329E-23
430.0 1.0475743049809011E-22
431.0 1.1100298954733135E-22
432.0 1.1759096484398326E-22
433.0 1.2453844184722996E-22
434.0 1.3186327128252186E-22
435.0 1.3958409935311326E-22
436.0 1.4772039886288103E-22
437.0 1.5629250158340263E-22
438.0 1.6532163151083603E-22
439.0 1.7482993927002165E-22
440.0 1.84840537741218E-22
441.0 1.9537753875930967E-22
442.0 2.064660910108596E-22
443.0 2.1813241926242747E-22
444.0 2.3040386471066047E-22
445.0 2.433089266495595E-22
446.0 2.5687730566714558E-22
447.0 2.711399477183381E-22
448.0 2.861290903103927E-22
449.0 3.0187830938691498E-22
450.0 3.184225681730374E-22
451.0 3.3579826726070975E-22
452.0 3.5404329640384853E-22
453.0 3.7319708775119853E-22
454.0 3.9330067079828224E-22
455.0 4.1439672898210405E-22
456.0 4.365296577594155E-22
457.0 4.597456249110667E-22
458.0 4.840926319954802E-22
459.0 5.096205781217962E-22
460.0 5.363813253447386E-22
461.0 5.644287660506676E-22
462.0 5.938188921914608E-22
463.0 6.246098666835402E-22
464.0 6.568620965940207E-22
465.0 6.906383086636126E-22
466.0 7.260036267721604E-22
467.0 7.630256518389487E-22
468.0 8.017745435608751E-22
469.0 8.423231048746392E-22
470.0 8.84746868060218E-22
471.0 9.291241842734834E-22
472.0 9.755363144459575E-22
473.0 1.0240675235154411E-21
474.0 1.0748051762663371E-21
475.0 1.127839836891231E-21
476.0 1.1832653698774291E-21
477.0 1.2411790451691229E-21
478.0 1.3016816443861895E-21
479.0 1.3648775712386767E-21
480.0 1.4308749639496718E-21
481.0 1.4997858110495514E-21
482.0 1.5717260697306227E-21
483.0 1.6468157879503122E-21
484.0 1.7251792285369162E-21
485.0 1.8069449981943137E-21
486.0 1.8922461769111825E-21
487.0 1.9812204545989562E-21
488.0 2.074010267076025E-21
489.0 2.1707629374926615E-21
490.0 2.2716308226474894E-21
491.0 2.376771458577126E-21
492.0 2.4863477148191956E-21
493.0 2.600527948501416E-21
494.0 2.7194861639813647E-21
495.0 2.8434021757558048E-21
496.0 2.9724617762440198E-21
497.0 3.1068569052357242E-21
498.0 3.2467858267070983E-21
499.0 3.3924533053682845E-21
500.0 3.544070792810511E-21