200.0 2.250771566551543E-16
201.0 2.33460751226187E-16
202.0 2.420755519988878E-16
203.0 2.5092548122054614E-16
204.0 2.6001447636438724E-16
205.0 2.6934648933684824E-16
206.0 2.789254862242223E-16
207.0 2.887554466984702E-16
208.0 2.98840363373041E-16
209.0 3.0918424139608753E-16
210.0 3.1979109802615846E-16
211.0 3.3066496195825665E-16
212.0 3.418098729940971E-16
213.0 3.532298816052609E-16
214.0 3.6492904806960985E-16
215.0 3.7691144275397996E-16
216.0 3.891811447767201E-16
217.0 4.017422424363193E-16
218.0 4.1459883188912834E-16
219.0 4.277550173653734E-16
220.0 4.4121491075616694E-16
221.0 4.54982630439668E-16
222.0 4.690623019920363E-16
223.0 4.8345805660246505E-16
224.0 4.981740316641834E-16
225.0 5.132143698978373E-16
226.0 5.285832188723514E-16
227.0 5.442847310012758E-16
228.0 5.60323062829521E-16
229.0 5.767023749960754E-16
230.0 5.934268314399833E-16
231.0 6.105005993810645E-16
232.0 6.27927848815458E-16
233.0 6.457127527093191E-16
234.0 6.638594854861797E-16
235.0 6.823722238471932E-16
236.0 7.012551462329748E-16
237.0 7.205124318209329E-16
238.0 7.401482608589128E-16
239.0 7.601668145507847E-16
240.0 7.805722739460287E-16
241.0 8.013688207248839E-16
242.0 8.225606357985228E-16
243.0 8.441518997539314E-16
244.0 8.661467923869116E-16
245.0 8.885494924215321E-16
246.0 9.1136417765845E-16
247.0 9.345950238794374E-16
248.0 9.58246205198261E-16
249.0 9.82321893818315E-16
250.0 1.0068262596790832E-15
251.0 1.031763470092396E-15
252.0 1.057137689728683E-15
253.0 1.0829530803900568E-15
254.0 1.1092138009124693E-15
255.0 1.1359240060646271E-15
256.0 1.1630878480800008E-15
257.0 1.190709474552867E-15
258.0 1.2187930297642719E-15
259.0 1.2473426537119905E-15
260.0 1.2763624818942965E-15
261.0 1.3058566453832029E-15
262.0 1.3358292707864146E-15
263.0 1.3662844797822625E-15
264.0 1.3972263890796424E-15
265.0 1.4286591100883234E-15
266.0 1.460586749204473E-15
267.0 1.4930134071884999E-15
268.0 1.5259431794732075E-15
269.0 1.5593801550311066E-15
270.0 1.5933284180141163E-15
271.0 1.6277920454590435E-15
272.0 1.662775109142781E-15
273.0 1.6982816742694718E-15
274.0 1.7343157998464456E-15
275.0 1.7708815378255463E-15
276.0 1.80798293404907E-15
277.0 1.845624027401404E-15
278.0 1.8838088500519997E-15
279.0 1.9225414273437637E-15
280.0 1.961825777482828E-15
281.0 2.0016659110059286E-15
282.0 2.042065832077637E-15
283.0 2.0830295373986538E-15
284.0 2.1245610154434055E-15
285.0 2.166664247816201E-15
286.0 2.2093432087610166E-15
287.0 2.2526018646317203E-15
288.0 2.2964441737785202E-15
289.0 2.340874087364313E-15
290.0 2.385895547674313E-15
291.0 2.4315124903468683E-15
292.0 2.4777288419599718E-15
293.0 2.524548521349841E-15
294.0 2.5719754393087706E-15
295.0 2.620013498516403E-15
296.0 2.6686665932138898E-15
297.0 2.717938609380633E-15
298.0 2.7678334252015437E-15
299.0 2.8183549094203194E-15
300.0 2.8695069228427006E-15
301.0 2.9212933188698092E-15
302.0 2.973717939846963E-15
303.0 3.026784622262248E-15
304.0 3.0804971922414587E-15
305.0 3.1348594683125527E-15
306.0 3.189875259337149E-15
307.0 3.245548366814614E-15
308.0 3.3018825824705513E-15
309.0 3.358881689071124E-15
310.0 3.4165494616297282E-15
311.0 3.4748896661555937E-15
312.0 3.5339060586237014E-15
313.0 3.5936023878157895E-15
314.0 3.65398239306175E-15
315.0 3.715049803824415E-15
316.0 3.7768083423407414E-15
317.0 3.839261720924669E-15
318.0 3.9024136436263395E-15
319.0 3.9662678041072785E-15
320.0 4.030827888766789E-15
321.0 4.096097574631615E-15
322.0 4.1620805293017925E-15
323.0 4.228780411646545E-15
324.0 4.29620087179715E-15
325.0 4.364345551139913E-15
326.0 4.4332180811399516E-15
327.0 4.5028220844458636E-15
328.0 4.573161176881874E-15
329.0 4.644238962303422E-15
330.0 4.7160590373093325E-15
331.0 4.788624988431536E-15
332.0 4.861940394992306E-15
333.0 4.9360088262244436E-15
334.0 5.010833842478973E-15
335.0 5.0864189947832586E-15
336.0 5.162767827451706E-15
337.0 5.239883871522299E-15
338.0 5.317770654411674E-15
339.0 5.396431691095906E-15
340.0 5.475870488047503E-15
341.0 5.556090544188232E-15
342.0 5.6370953490718855E-15
343.0 5.7188883823710426E-15
344.0 5.8014731167156015E-15
345.0 5.884853014859009E-15
346.0 5.969031530603564E-15
347.0 6.054012110791915E-15
348.0 6.139798190350325E-15
349.0 6.226393198759942E-15
350.0 6.313800554554164E-15
351.0 6.402023667808875E-15
352.0 6.491065941745419E-15
353.0 6.580930768557484E-15
354.0 6.671621534146281E-15
355.0 6.7631416133367035E-15
356.0 6.855494374716055E-15
357.0 6.948683176302303E-15
358.0 7.0427113705171505E-15
359.0 7.137582297508929E-15
360.0 7.2332992907178E-15
361.0 7.329865676397391E-15
362.0 7.427284771335525E-15
363.0 7.525559882211816E-15
364.0 7.624694309721963E-15
365.0 7.72469134689199E-15
366.0 7.825554275442574E-15
367.0 7.927286370598725E-15
368.0 8.029890899942172E-15
369.0 8.133371120292713E-15
370.0 8.237730283974232E-15
371.0 8.342971631921437E-15
372.0 8.44909839808656E-15
373.0 8.556113809510737E-15
374.0 8.66402108174575E-15
375.0 8.772823427417851E-15
376.0 8.882524047011153E-15
377.0 8.993126133463846E-15
378.0 9.10463287427659E-15
379.0 9.21704744607059E-15
380.0 9.330373019385016E-15
381.0 9.444612755936726E-15
382.0 9.559769810740462E-15
383.0 9.675847328555709E-15
384.0 9.792848451096624E-15
385.0 9.910776308413845E-15
386.0 1.0029634020956447E-14
387.0 1.0149424708524263E-14
388.0 1.0270151475432664E-14
389.0 1.039181742548028E-14
390.0 1.0514425649153411E-14
391.0 1.063797923117589E-14
392.0 1.0762481252183535E-14
393.0 1.0887934778568304E-14
394.0 1.1014342877415658E-14
395.0 1.114170860152338E-14
396.0 1.127003499971388E-14
397.0 1.139932511288818E-14
398.0 1.1529581972354495E-14
399.0 1.1660808607285694E-14
400.0 1.1793008034819548E-14
401.0 1.1926183266684369E-14
402.0 1.2060337307575662E-14
403.0 1.2195473156046685E-14
404.0 1.2331593799316521E-14
405.0 1.24687022228146E-14
406.0 1.2606801402413848E-14
407.0 1.274589430703195E-14
408.0 1.2885983898650445E-14
409.0 1.302707313233353E-14
410.0 1.316916495532529E-14
411.0 1.3312262310743399E-14
412.0 1.3456368133029471E-14
413.0 1.3601485348831955E-14
414.0 1.3747616877934722E-14
415.0 1.38947656371115E-14
416.0 1.4042934532554134E-14
417.0 1.4192126465583103E-14
418.0 1.434234432978818E-14
419.0 1.449359101100033E-14
420.0 1.464586939226239E-14
421.0 1.4799182347952418E-14
422.0 1.4953532744729177E-14
423.0 1.5108923444573654E-14
424.0 1.5265357302813498E-14
425.0 1.5422837166050345E-14
426.0 1.5581365878376996E-14
427.0 1.5740946274149294E-14
428.0 1.5901581184259984E-14
429.0 1.6063273429825822E-14
430.0 1.62260258285592E-14
431.0 1.638984119162576E-14
432.0 1.6554722322548164E-14
433.0 1.672067201938071E-14
434.0 1.6887693074753217E-14
435.0 1.7055788274789362E-14
436.0 1.7224960397973976E-14
437.0 1.7395212217392453E-14
438.0 1.756654650767191E-14
439.0 1.7738966020948512E-14
440.0 1.7912473518945945E-14
441.0 1.808707175005639E-14
442.0 1.8262763458554485E-14
443.0 1.8439551382292E-14
444.0 1.8617438256299117E-14
445.0 1.8796426800798484E-14
446.0 1.8976519745289338E-14
447.0 1.915771979593418E-14
448.0 1.9340029668350548E-14
449.0 1.9523452061997543E-14
450.0 1.9707989679901005E-14
451.0 1.9893645208764788E-14
452.0 2.0080421337706937E-14
453.0 2.0268320750865894E-14
454.0 2.0457346119680865E-14
455.0 2.0647500115662632E-14
456.0 2.0838785402745116E-14
457.0 2.1031204641183017E-14
458.0 2.1224760486299485E-14
459.0 2.1419455584501545E-14
460.0 2.1615292578559978E-14
461.0 2.1812274106327127E-14
462.0 2.201040280213133E-14
463.0 2.2209681292724463E-14
464.0 2.2410112197215726E-14
465.0 2.2611698133974436E-14
466.0 2.2814441713779044E-14
467.0 2.301834554398749E-14
468.0 2.3223412224340444E-14
469.0 2.3429644354052953E-14
470.0 2.363704452044484E-14
471.0 2.384561531033763E-14
472.0 2.4055359302913822E-14
473.0 2.426627907846971E-14
474.0 2.4478377203821737E-14
475.0 2.4691656245451744E-14
476.0 2.490611876517165E-14
477.0 2.5121767318633597E-14
478.0 2.5338604456820147E-14
479.0 2.5556632726062895E-14
480.0 2.5775854668060963E-14
481.0 2.5996272818348673E-14
482.0 2.6217889709382477E-14
483.0 2.644070786746812E-14
484.0 2.666472981588606E-14
485.0 2.6889958074957286E-14
486.0 2.7116395150909638E-14
487.0 2.7344043558129798E-14
488.0 2.7572905798519592E-14
489.0 2.7802984366146935E-14
490.0 2.8034281760281567E-14
491.0 2.8266800472507148E-14
492.0 2.8500542984969715E-14
493.0 2.873551177859245E-14
494.0 2.8971709329826086E-14
495.0 2.920913811065837E-14
496.0 2.944780059032757E-14
497.0 2.9687699226818546E-14
498.0 2.992883648389739E-14
499.0 3.0171214812360335E-14
500.0 3.041483666373492E-14