200.0 3.3326230404863014E-16
201.0 3.4400223815343213E-16
202.0 3.549885978478308E-16
203.0 3.662245182861635E-16
204.0 3.7771313408849115E-16
205.0 3.8945757843875194E-16
206.0 4.01460983039534E-16
207.0 4.1372647805595787E-16
208.0 4.2625719127677844E-16
209.0 4.3905624863891134E-16
210.0 4.521267732751839E-16
211.0 4.654718859146628E-16
212.0 4.790947038324471E-16
213.0 4.929983414755836E-16
214.0 5.071859099330274E-16
215.0 5.216605162939526E-16
216.0 5.364252642333341E-16
217.0 5.51483253188859E-16
218.0 5.668375782731183E-16
219.0 5.824913304378509E-16
220.0 5.984475960693902E-16
221.0 6.147094566370764E-16
222.0 6.312799885684928E-16
223.0 6.481622635549305E-16
224.0 6.653593479885975E-16
225.0 6.828743024360693E-16
226.0 7.007101825809235E-16
227.0 7.188700377732615E-16
228.0 7.373569121936816E-16
229.0 7.561738435416927E-16
230.0 7.753238635087145E-16
231.0 7.948099981382204E-16
232.0 8.146352665378442E-16
233.0 8.348026816059419E-16
234.0 8.553152497172343E-16
235.0 8.761759708140322E-16
236.0 8.973878377619647E-16
237.0 9.189538367558902E-16
238.0 9.408769469983807E-16
239.0 9.631601409321291E-16
240.0 9.85806383571761E-16
241.0 1.008818632971154E-15
242.0 1.0321998400257436E-15
243.0 1.055952947764941E-15
244.0 1.0800808928614628E-15
245.0 1.1045866033159978E-15
246.0 1.1294730004979764E-15
247.0 1.1547429979433767E-15
248.0 1.1803995012538062E-15
249.0 1.2064454089686298E-15
250.0 1.2328836114202492E-15
251.0 1.2597169910551522E-15
252.0 1.2869484229466819E-15
253.0 1.3145807740287537E-15
254.0 1.3426169033154947E-15
255.0 1.371059661689598E-15
256.0 1.399911892773446E-15
257.0 1.4291764313446005E-15
258.0 1.4588561045116181E-15
259.0 1.488953731369777E-15
260.0 1.519472123128252E-15
261.0 1.5504140817215258E-15
262.0 1.581782402616125E-15
263.0 1.6135798722719041E-15
264.0 1.645809268570169E-15
265.0 1.678473362199836E-15
266.0 1.7115749148602703E-15
267.0 1.7451166801032884E-15
268.0 1.779101404071267E-15
269.0 1.8135318234070017E-15
270.0 1.848410667679493E-15
271.0 1.8837406576571715E-15
272.0 1.9195245056454086E-15
273.0 1.9557649162705303E-15
274.0 1.992464585669401E-15
275.0 2.0296262018750696E-15
276.0 2.0672524445952293E-15
277.0 2.105345985189633E-15
278.0 2.143909486647352E-15
279.0 2.182945604460862E-15
280.0 2.222456985301693E-15
281.0 2.2624462674261987E-15
282.0 2.3029160820562916E-15
283.0 2.3438690508417293E-15
284.0 2.3853077884015076E-15
285.0 2.427234900445174E-15
286.0 2.4696529847037812E-15
287.0 2.5125646314394376E-15
288.0 2.555972421959959E-15
289.0 2.5998789298468105E-15
290.0 2.644286720717289E-15
291.0 2.689198352230718E-15
292.0 2.7346163735571128E-15
293.0 2.78054332616315E-15
294.0 2.8269817446617776E-15
295.0 2.873934152977901E-15
296.0 2.9214030695475334E-15
297.0 2.9693910043311644E-15
298.0 3.0179004593607003E-15
299.0 3.0669339278588864E-15
300.0 3.116493896865204E-15
301.0 3.1665828443322566E-15
302.0 3.2172032408829043E-15
303.0 3.268357549228422E-15
304.0 3.3200482254193947E-15
305.0 3.3722777157501023E-15
306.0 3.425048461131939E-15
307.0 3.4783628933469474E-15
308.0 3.5322234369374438E-15
309.0 3.586632508574036E-15
310.0 3.641592518396082E-15
311.0 3.6971058683801426E-15
312.0 3.753174952656396E-15
313.0 3.809802158895394E-15
314.0 3.866989866260615E-15
315.0 3.924740446785344E-15
316.0 3.9830562664858475E-15
317.0 4.0419396817963156E-15
318.0 4.1013930442579765E-15
319.0 4.161418695809342E-15
320.0 4.222018973961062E-15
321.0 4.28319620508332E-15
322.0 4.3449527130941066E-15
323.0 4.407290811525143E-15
324.0 4.4702128077022415E-15
325.0 4.5337210020108274E-15
326.0 4.5978176879174804E-15
327.0 4.662505151172844E-15
328.0 4.7277856730935514E-15
329.0 4.7936615240304825E-15
330.0 4.860134970764153E-15
331.0 4.927208271579957E-15
332.0 4.9948836796451575E-15
333.0 5.063163440063873E-15
334.0 5.132049789823149E-15
335.0 5.201544962634721E-15
336.0 5.27165118283462E-15
337.0 5.342370669801507E-15
338.0 5.413705634846178E-15
339.0 5.485658283471246E-15
340.0 5.55823081448992E-15
341.0 5.631425420981194E-15
342.0 5.705244289388565E-15
343.0 5.779689598076892E-15
344.0 5.854763520681616E-15
345.0 5.930468225717078E-15
346.0 6.006805872173402E-15
347.0 6.083778613896648E-15
348.0 6.1613886006793275E-15
349.0 6.23963797428359E-15
350.0 6.31852886940212E-15
351.0 6.39806341676774E-15
352.0 6.478243740110238E-15
353.0 6.559071956661166E-15
354.0 6.640550177149487E-15
355.0 6.722680507968538E-15
356.0 6.805465048531173E-15
357.0 6.888905893450763E-15
358.0 6.9730051292594325E-15
359.0 7.057764837703719E-15
360.0 7.143187096950242E-15
361.0 7.229273974815274E-15
362.0 7.316027537840878E-15
363.0 7.403449845086454E-15
364.0 7.491542948652406E-15
365.0 7.580308896615696E-15
366.0 7.669749730116776E-15
367.0 7.759867487559547E-15
368.0 7.850664198638666E-15
369.0 7.942141889766861E-15
370.0 8.034302579832714E-15
371.0 8.12714828326587E-15
372.0 8.220681010097619E-15
373.0 8.314902762824676E-15
374.0 8.409815541488513E-15
375.0 8.505421337964224E-15
376.0 8.60172214044285E-15
377.0 8.6987199315321E-15
378.0 8.796416688256722E-15
379.0 8.894814383404364E-15
380.0 8.993914983544723E-15
381.0 9.093720450368254E-15
382.0 9.194232742091846E-15
383.0 9.295453808669935E-15
384.0 9.397385597990035E-15
385.0 9.500030052474234E-15
386.0 9.603389106219378E-15
387.0 9.707464694223488E-15
388.0 9.812258741038916E-15
389.0 9.91777317079266E-15
390.0 1.0024009900013239E-14
391.0 1.0130970839760258E-14
392.0 1.0238657900106462E-14
393.0 1.0347072982755245E-14
394.0 1.0456217985473803E-14
395.0 1.056609480290594E-14
396.0 1.0676705322783016E-14
397.0 1.0788051431301573E-14
398.0 1.0900135004621105E-14
399.0 1.1012957920535024E-14
400.0 1.1126522049157087E-14
401.0 1.124082925522196E-14
402.0 1.1355881402925218E-14
403.0 1.1471680345477998E-14
404.0 1.1588227939672643E-14
405.0 1.1705526030457433E-14
406.0 1.1823576461518688E-14
407.0 1.194238107457281E-14
408.0 1.2061941703533873E-14
409.0 1.2182260178663812E-14
410.0 1.2303338327470295E-14
411.0 1.2425177973041292E-14
412.0 1.2547780929683417E-14
413.0 1.2671149015960492E-14
414.0 1.2795284038180814E-14
415.0 1.2920187802606027E-14
416.0 1.3045862111119123E-14
417.0 1.3172308762130347E-14
418.0 1.3299529548786245E-14
419.0 1.3427526257098087E-14
420.0 1.3556300676948192E-14
421.0 1.3685854585606638E-14
422.0 1.3816189762451295E-14
423.0 1.3947307980687996E-14
424.0 1.4079211007280314E-14
425.0 1.4211900611507665E-14
426.0 1.4345378552642284E-14
427.0 1.4479646587520766E-14
428.0 1.461470647256266E-14
429.0 1.4750559956012167E-14
430.0 1.4887208786728836E-14
431.0 1.502465470435416E-14
432.0 1.516289944718285E-14
433.0 1.5301944754282906E-14
434.0 1.5441792354434745E-14
435.0 1.5582443975157962E-14
436.0 1.572390134073524E-14
437.0 1.586616617223488E-14
438.0 1.6009240187533212E-14
439.0 1.6153125098170535E-14
440.0 1.6297822615640513E-14
441.0 1.6443334444031022E-14
442.0 1.6589662287437863E-14
443.0 1.6736807844672903E-14
444.0 1.688477281248393E-14
445.0 1.7033558881218873E-14
446.0 1.7183167741364436E-14
447.0 1.7333601077000396E-14
448.0 1.7484860572423225E-14
449.0 1.7636947903260032E-14
450.0 1.7789864747640422E-14
451.0 1.794361277498437E-14
452.0 1.8098193657317078E-14
453.0 1.8253609056756518E-14
454.0 1.8409860638098508E-14
455.0 1.8566950056142347E-14
456.0 1.8724878970791387E-14
457.0 1.8883649033104652E-14
458.0 1.9043261891086648E-14
459.0 1.920371919209827E-14
460.0 1.9365022578113925E-14
461.0 1.9527173689302198E-14
462.0 1.9690174161629193E-14
463.0 1.9854025629290667E-14
464.0 2.0018729723521956E-14
465.0 2.0184288070118015E-14
466.0 2.0350702294375655E-14
467.0 2.0517974016138175E-14
468.0 2.06861048535296E-14
469.0 2.0855096423000358E-14
470.0 2.1024950338089344E-14
471.0 2.119566820555997E-14
472.0 2.1367251629185172E-14
473.0 2.1539702220199697E-14
474.0 2.171302157265613E-14
475.0 2.1887211285467663E-14
476.0 2.206227295201147E-14
477.0 2.2238208169413707E-14
478.0 2.2415018519922226E-14
479.0 2.25927055935512E-14
480.0 2.2771270973432987E-14
481.0 2.29507162384394E-14
482.0 2.3131042965896814E-14
483.0 2.331225273301056E-14
484.0 2.3494347111378248E-14
485.0 2.3677327666910805E-14
486.0 2.386119596960875E-14
487.0 2.4045953583849877E-14
488.0 2.423160206830991E-14
489.0 2.441814298304035E-14
490.0 2.460557788526838E-14
491.0 2.4793908323603158E-14
492.0 2.49831358538897E-14
493.0 2.5173262021919E-14
494.0 2.5364288372057092E-14
495.0 2.5556216447282243E-14
496.0 2.574904778773363E-14
497.0 2.5942783932204405E-14
498.0 2.613742641667403E-14
499.0 2.633297676825001E-14
500.0 2.652943652021352E-14