200.0 5.6423730173908E-18
201.0 5.985232741790105E-18
202.0 6.345355575845415E-18
203.0 6.723420261781629E-18
204.0 7.120123988695258E-18
205.0 7.536182618698924E-18
206.0 7.972330913923585E-18
207.0 8.429322766104119E-18
208.0 8.90793140623547E-18
209.0 9.408949638246313E-18
210.0 9.933190041992586E-18
211.0 1.0481485188973712E-17
212.0 1.1054687847205311E-17
213.0 1.1653671191168794E-17
214.0 1.2279329000147665E-17
215.0 1.2932575846998254E-17
216.0 1.3614347309808075E-17
217.0 1.432560015320894E-17
218.0 1.5067312503165077E-17
219.0 1.5840484054223032E-17
220.0 1.6646136239039837E-17
221.0 1.748531239330528E-17
222.0 1.835907794004656E-17
223.0 1.9268520568896516E-17
224.0 2.0214750383358822E-17
225.0 2.1198900060854726E-17
226.0 2.222212503714323E-17
227.0 2.3285603626568137E-17
228.0 2.4390537205939922E-17
229.0 2.5538150346216437E-17
230.0 2.6729690946077863E-17
231.0 2.7966430397555806E-17
232.0 2.9249663711349063E-17
233.0 3.058070964660127E-17
234.0 3.1960910836233527E-17
235.0 3.339163394849056E-17
236.0 3.487426976041502E-17
237.0 3.6410233316592717E-17
238.0 3.800096402111487E-17
239.0 3.9647925786587635E-17
240.0 4.135260709945693E-17
241.0 4.3116521153151876E-17
242.0 4.49412059632497E-17
243.0 4.682822442108675E-17
244.0 4.877916447655774E-17
245.0 5.0795639129508523E-17
246.0 5.287928658500619E-17
247.0 5.503177035694586E-17
248.0 5.725477928553037E-17
249.0 5.95500276873296E-17
250.0 6.191925540419226E-17
251.0 6.436422787150596E-17
252.0 6.688673621998238E-17
253.0 6.948859732559455E-17
254.0 7.217165389275053E-17
255.0 7.493777448735365E-17
256.0 7.778885365619164E-17
257.0 8.072681193851697E-17
258.0 8.375359594831252E-17
259.0 8.687117843039005E-17
260.0 9.008155828417174E-17
261.0 9.338676066124136E-17
262.0 9.678883697474729E-17
263.0 1.0028986498594022E-16
264.0 1.0389194877236135E-16
265.0 1.0759721887683803E-16
266.0 1.114078322593773E-16
267.0 1.1532597232850805E-16
268.0 1.193538491232386E-16
269.0 1.2349369908634952E-16
270.0 1.2774778536938013E-16
271.0 1.321183976430356E-16
272.0 1.366078522959347E-16
273.0 1.4121849230794866E-16
274.0 1.4595268736820079E-16
275.0 1.5081283393064625E-16
276.0 1.5580135511164523E-16
277.0 1.60920700763474E-16
278.0 1.6617334750545908E-16
279.0 1.715617987738018E-16
280.0 1.7708858476694115E-16
281.0 1.8275626245181647E-16
282.0 1.8856741566405983E-16
283.0 1.945246549857906E-16
284.0 2.0063061784243957E-16
285.0 2.0688796853083893E-16
286.0 2.1329939807827446E-16
287.0 2.1986762442744892E-16
288.0 2.26595392357828E-16
289.0 2.3348547341489213E-16
290.0 2.4054066599332294E-16
291.0 2.4776379536012557E-16
292.0 2.551577135551027E-16
293.0 2.627252993774875E-16
294.0 2.704694586346525E-16
295.0 2.7839312372636534E-16
296.0 2.864992538565829E-16
297.0 2.9479083519517E-16
298.0 3.0327088045167684E-16
299.0 3.1194242928069296E-16
300.0 3.208085479544029E-16
301.0 3.2987232951931125E-16
302.0 3.391368937212914E-16
303.0 3.48605387085324E-16
304.0 3.582809826706027E-16
305.0 3.6816688034459293E-16
306.0 3.782663064974501E-16
307.0 3.885825142601653E-16
308.0 3.991187832740947E-16
309.0 4.0987841984710614E-16
310.0 4.2086475674565534E-16
311.0 4.320811533974636E-16
312.0 4.4353099563675245E-16
313.0 4.552176958742858E-16
314.0 4.671446929959112E-16
315.0 4.79315452161881E-16
316.0 4.917334652063189E-16
317.0 5.044022501827226E-16
318.0 5.17325351641882E-16
319.0 5.30506340236325E-16
320.0 5.439488132002464E-16
321.0 5.576563938022201E-16
322.0 5.716327318467258E-16
323.0 5.85881503154416E-16
324.0 6.00406409772819E-16
325.0 6.152111798938367E-16
326.0 6.30299567985584E-16
327.0 6.456753543218943E-16
328.0 6.613423456686364E-16
329.0 6.773043744098157E-16
330.0 6.935652991913162E-16
331.0 7.101290045448422E-16
332.0 7.26999400969062E-16
333.0 7.441804248971206E-16
334.0 7.616760385329155E-16
335.0 7.794902300046355E-16
336.0 7.976270132011768E-16
337.0 8.160904278003795E-16
338.0 8.34884539163181E-16
339.0 8.540134385078697E-16
340.0 8.734812425936871E-16
341.0 8.932920938204914E-16
342.0 9.134501600387306E-16
343.0 9.339596350437825E-16
344.0 9.54824737700123E-16
345.0 9.760497126690697E-16
346.0 9.976388300699789E-16
347.0 1.019596385020174E-15
348.0 1.041926698586082E-15
349.0 1.0646341168369553E-15
350.0 1.0877230111289443E-15
351.0 1.111197778154876E-15
352.0 1.1350628399113492E-15
353.0 1.1593226434773288E-15
354.0 1.183981661155438E-15
355.0 1.209044390047605E-15
356.0 1.2345153529800187E-15
357.0 1.260399097206168E-15
358.0 1.2867001952368959E-15
359.0 1.3134232442989635E-15
360.0 1.3405728672329263E-15
361.0 1.368153710666607E-15
362.0 1.3961704470868194E-15
363.0 1.4246277732013431E-15
364.0 1.453530410760571E-15
365.0 1.4828831061909328E-15
366.0 1.512690630074118E-15
367.0 1.5429577786261653E-15
368.0 1.5736893720249316E-15
369.0 1.6048902551836842E-15
370.0 1.6365652973428131E-15
371.0 1.6687193923970457E-15
372.0 1.7013574589984588E-15
373.0 1.7344844397393847E-15
374.0 1.7681053016116244E-15
375.0 1.802225036517823E-15
376.0 1.8368486598759225E-15
377.0 1.871981211934751E-15
378.0 1.9076277566216766E-15
379.0 1.943793382778895E-15
380.0 1.980483202836194E-15
381.0 2.017702353329744E-15
382.0 2.0554559951686806E-15
383.0 2.093749312833859E-15
384.0 2.1325875155724395E-15
385.0 2.1719758358002306E-15
386.0 2.211919529981822E-15
387.0 2.252423878599837E-15
388.0 2.293494185954714E-15
389.0 2.3351357802930286E-15
390.0 2.3773540132523255E-15
391.0 2.420154260322434E-15
392.0 2.4635419208139698E-15
393.0 2.5075224176438844E-15
394.0 2.552101196732955E-15
395.0 2.5972837284263467E-15
396.0 2.6430755059864658E-15
397.0 2.689482047058112E-15
398.0 2.7365088909334632E-15
399.0 2.784161601975747E-15
400.0 2.8324457670633995E-15
401.0 2.8813669967195175E-15
402.0 2.9309309253023585E-15
403.0 2.9811432084571837E-15
404.0 3.0320095276637117E-15
405.0 3.0835355853659325E-15
406.0 3.1357271080887757E-15
407.0 3.188589845792204E-15
408.0 3.2421295707134235E-15
409.0 3.2963520784234122E-15
410.0 3.35126318733901E-15
411.0 3.406868739859494E-15
412.0 3.463174598541187E-15
413.0 3.5201866522151462E-15
414.0 3.577910809991727E-15
415.0 3.6363530048061156E-15
416.0 3.695519192940662E-15
417.0 3.7554153511826175E-15
418.0 3.816047481864376E-15
419.0 3.877421607448354E-15
420.0 3.939543774883252E-15
421.0 4.002420051603225E-15
422.0 4.066056529487965E-15
423.0 4.1304593224327656E-15
424.0 4.195634565421879E-15
425.0 4.261588417845889E-15
426.0 4.3283270598069385E-15
427.0 4.395856694621817E-15
428.0 4.4641835476429704E-15
429.0 4.533313866199173E-15
430.0 4.603253920762895E-15
431.0 4.6740100024815414E-15
432.0 4.745588425241197E-15
433.0 4.817995526303076E-15
434.0 4.891237662788729E-15
435.0 4.965321215094679E-15
436.0 5.040252585606409E-15
437.0 5.1160381979842905E-15
438.0 5.192684498778116E-15
439.0 5.270197955381789E-15
440.0 5.348585057668362E-15
441.0 5.42785231692994E-15
442.0 5.508006266526302E-15
443.0 5.589053460414779E-15
444.0 5.6710004770668715E-15
445.0 5.7538539129285825E-15
446.0 5.837620388529058E-15
447.0 5.922306544414253E-15
448.0 6.007919044469186E-15
449.0 6.094464572094768E-15
450.0 6.181949833588793E-15
451.0 6.270381555800332E-15
452.0 6.359766487244304E-15
453.0 6.450111398485078E-15
454.0 6.541423079657076E-15
455.0 6.633708343662462E-15
456.0 6.726974023681128E-15
457.0 6.821226974783095E-15
458.0 6.916474073061632E-15
459.0 7.012722215582462E-15
460.0 7.109978319889184E-15
461.0 7.208249324822346E-15
462.0 7.30754219185326E-15
463.0 7.407863901006424E-15
464.0 7.509221453924279E-15
465.0 7.611621874804408E-15
466.0 7.715072206179745E-15
467.0 7.819579512571257E-15
468.0 7.925150880028047E-15
469.0 8.03179341318039E-15
470.0 8.13951424103313E-15
471.0 8.248320509096176E-15
472.0 8.358219384690968E-15
473.0 8.469218058516566E-15
474.0 8.58132373801371E-15
475.0 8.694543653405937E-15
476.0 8.80888505353893E-15
477.0 8.924355211099243E-15
478.0 9.04096141570855E-15
479.0 9.158710978622448E-15
480.0 9.277611231649554E-15
481.0 9.397669526560307E-15
482.0 9.518893233893042E-15
483.0 9.641289749126996E-15
484.0 9.76486648248143E-15
485.0 9.889630866762573E-15
486.0 1.001559035449948E-14
487.0 1.0142752420268713E-14
488.0 1.027112455411732E-14
489.0 1.0400714271034477E-14
490.0 1.0531529102544046E-14
491.0 1.0663576600838096E-14
492.0 1.0796864340661848E-14
493.0 1.0931399911780372E-14
494.0 1.1067190928317665E-14
495.0 1.1204245019865308E-14
496.0 1.1342569839739266E-14
497.0 1.1482173059844481E-14
498.0 1.1623062370572743E-14
499.0 1.1765245481374058E-14
500.0 1.1908730123417322E-14