200.0 9.556655883862886E-16
201.0 9.866545065075628E-16
202.0 1.018352663235021E-15
203.0 1.05076884330332E-15
204.0 1.0839118255183482E-15
205.0 1.1177903813694636E-15
206.0 1.1524132756065498E-15
207.0 1.1877892658572057E-15
208.0 1.2239271010875926E-15
209.0 1.2608355226760243E-15
210.0 1.2985232634309875E-15
211.0 1.336999046891242E-15
212.0 1.3762715880808743E-15
213.0 1.416349592346069E-15
214.0 1.4572417556378046E-15
215.0 1.4989567634946033E-15
216.0 1.5415032925901213E-15
217.0 1.5848900089920803E-15
218.0 1.6291255679237018E-15
219.0 1.6742186146336564E-15
220.0 1.7201777843064785E-15
221.0 1.767011701071907E-15
222.0 1.8147289780784323E-15
223.0 1.8633382183273766E-15
224.0 1.912848013685186E-15
225.0 1.963266944782786E-15
226.0 2.014603583224878E-15
227.0 2.0668664870542504E-15
228.0 2.1200642052336456E-15
229.0 2.174205276198104E-15
230.0 2.2292982259409857E-15
231.0 2.2853515718252696E-15
232.0 2.3423738190686613E-15
233.0 2.4003734623973378E-15
234.0 2.4593589870117148E-15
235.0 2.5193388665938945E-15
236.0 2.5803215648306633E-15
237.0 2.6423155358449378E-15
238.0 2.7053292217378616E-15
239.0 2.7693710581414544E-15
240.0 2.8344494665364516E-15
241.0 2.900572861876169E-15
242.0 2.9677496484423E-15
243.0 3.0359882198568898E-15
244.0 3.1052969634732208E-15
245.0 3.175684255216308E-15
246.0 3.2471584617699534E-15
247.0 3.3197279430071066E-15
248.0 3.3934010480020793E-15
249.0 3.468186118973139E-15
250.0 3.5440914887361613E-15
251.0 3.621125484067565E-15
252.0 3.699296421836334E-15
253.0 3.778612611554587E-15
254.0 3.859082355575687E-15
255.0 3.940713949293128E-15
256.0 4.023515680889969E-15
257.0 4.107495831959191E-15
258.0 4.192662676305817E-15
259.0 4.2790244819253884E-15
260.0 4.3665895117221046E-15
261.0 4.455366020359237E-15
262.0 4.545362257740074E-15
263.0 4.636586469282419E-15
264.0 4.7290468936253045E-15
265.0 4.822751763743756E-15
266.0 4.91770931027828E-15
267.0 5.0139277549309015E-15
268.0 5.111415320161549E-15
269.0 5.210180217575094E-15
270.0 5.3102306611284736E-15
271.0 5.411574857516498E-15
272.0 5.514221009579138E-15
273.0 5.618177317654683E-15
274.0 5.723451978041704E-15
275.0 5.8300531855540994E-15
276.0 5.937989131969893E-15
277.0 6.0472680036897065E-15
278.0 6.15789798679434E-15
279.0 6.269887266092714E-15
280.0 6.383244022751698E-15
281.0 6.4979764370033E-15
282.0 6.614092687037251E-15
283.0 6.731600950505541E-15
284.0 6.850509401987448E-15
285.0 6.97082621723402E-15
286.0 7.092559569934026E-15
287.0 7.215717633952973E-15
288.0 7.340308582089615E-15
289.0 7.46634058693301E-15
290.0 7.593821822525592E-15
291.0 7.722760460055713E-15
292.0 7.853164674749393E-15
293.0 7.985042640023123E-15
294.0 8.118402532226934E-15
295.0 8.253252523721195E-15
296.0 8.3896007924537E-15
297.0 8.527455519113133E-15
298.0 8.66682488069419E-15
299.0 8.807717059593946E-15
300.0 8.950140238011858E-15
301.0 9.094102601423055E-15
302.0 9.239612337044475E-15
303.0 9.386677634830621E-15
304.0 9.535306685833333E-15
305.0 9.685507684976539E-15
306.0 9.837288828496442E-15
307.0 9.990658319574064E-15
308.0 1.0145624360203007E-14
309.0 1.0302195155823537E-14
310.0 1.0460378917390254E-14
311.0 1.0620183859659125E-14
312.0 1.0781618200322712E-14
313.0 1.094469015806856E-14
314.0 1.1109407959620834E-14
315.0 1.127577983495819E-14
316.0 1.144381401736371E-14
317.0 1.1613518743470655E-14
318.0 1.1784902258615463E-14
319.0 1.1957972807503983E-14
320.0 1.2132738643783844E-14
321.0 1.2309208023780626E-14
322.0 1.2487389209795846E-14
323.0 1.26672904691241E-14
324.0 1.2848920074130132E-14
325.0 1.3032286302320558E-14
326.0 1.3217397438737394E-14
327.0 1.3404261770272333E-14
328.0 1.3592887592664543E-14
329.0 1.378328320594416E-14
330.0 1.3975456918062352E-14
331.0 1.4169417041387395E-14
332.0 1.4365171895164366E-14
333.0 1.4562729804366917E-14
334.0 1.476209909973258E-14
335.0 1.4963288120356137E-14
336.0 1.5166305211262453E-14
337.0 1.5371158720815207E-14
338.0 1.5577857013815197E-14
339.0 1.5786408448028172E-14
340.0 1.599682139779376E-14
341.0 1.6209104245043246E-14
342.0 1.642326537248967E-14
343.0 1.663931317308501E-14
344.0 1.6857256050226706E-14
345.0 1.7077102408025943E-14
346.0 1.7298860668215913E-14
347.0 1.7522539244643612E-14
348.0 1.7748146577630902E-14
349.0 1.797569109656014E-14
350.0 1.8205181254774824E-14
351.0 1.843662550029847E-14
352.0 1.867003229802845E-14
353.0 1.8905410119462547E-14
354.0 1.9142767438005897E-14
355.0 1.9382112738094917E-14
356.0 1.962345451853192E-14
357.0 1.986680127844734E-14
358.0 2.0112161529827807E-14
359.0 2.0359543789628437E-14
360.0 2.060895658619816E-14
361.0 2.0860408454470967E-14
362.0 2.1113907937566873E-14
363.0 2.136946358848191E-14
364.0 2.1627083966757742E-14
365.0 2.1886777645276506E-14
366.0 2.214855320007881E-14
367.0 2.241241922062236E-14
368.0 2.2678384299404863E-14
369.0 2.2946457044188627E-14
370.0 2.3216646067506793E-14
371.0 2.3488959990109367E-14
372.0 2.376340744460113E-14
373.0 2.403999707372618E-14
374.0 2.4318737524824734E-14
375.0 2.459963745527702E-14
376.0 2.4882705536341515E-14
377.0 2.5167950441877904E-14
378.0 2.5455380855776017E-14
379.0 2.5745005477835896E-14
380.0 2.6036833012265106E-14
381.0 2.6330872171421205E-14
382.0 2.662713167375612E-14
383.0 2.692562025979868E-14
384.0 2.72263466662612E-14
385.0 2.7529319643913785E-14
386.0 2.7834547955706096E-14
387.0 2.8142040370615555E-14
388.0 2.8451805665589756E-14
389.0 2.876385263183007E-14
390.0 2.907819006856279E-14
391.0 2.939482678295734E-14
392.0 2.971377158569499E-14
393.0 3.003503331699873E-14
394.0 3.035862080325052E-14
395.0 3.0684542889412295E-14
396.0 3.10128084371343E-14
397.0 3.134342631370023E-14
398.0 3.1676405384989915E-14
399.0 3.2011754542615147E-14
400.0 3.2349482679037773E-14
401.0 3.268959869419745E-14
402.0 3.3032111509535575E-14
403.0 3.337703004469102E-14
404.0 3.372436322897693E-14
405.0 3.407412001341733E-14
406.0 3.442630933958032E-14
407.0 3.478094017554811E-14
408.0 3.5138021499261085E-14
409.0 3.549756228106326E-14
410.0 3.585957151810582E-14
411.0 3.622405821728897E-14
412.0 3.6591031377394776E-14
413.0 3.6960500029423E-14
414.0 3.733247319863525E-14
415.0 3.77069599247634E-14
416.0 3.808396926215607E-14
417.0 3.846351026934358E-14
418.0 3.8845592014116304E-14
419.0 3.923022357883687E-14
420.0 3.961741404976277E-14
421.0 4.000717252768452E-14
422.0 4.039950811982928E-14
423.0 4.0794429945225613E-14
424.0 4.119194712916693E-14
425.0 4.159206881987777E-14
426.0 4.199480415220742E-14
427.0 4.240016229229345E-14
428.0 4.280815240389443E-14
429.0 4.321878366812144E-14
430.0 4.363206526912271E-14
431.0 4.4048006405517733E-14
432.0 4.446661627871596E-14
433.0 4.488790411045921E-14
434.0 4.531187912219993E-14
435.0 4.5738550549770056E-14
436.0 4.616792764046691E-14
437.0 4.6600019650009725E-14
438.0 4.70348358424463E-14
439.0 4.74723854900563E-14
440.0 4.7912677879498365E-14
441.0 4.835572229934996E-14
442.0 4.880152806195042E-14
443.0 4.925010447196336E-14
444.0 4.970146085461324E-14
445.0 5.015560653985793E-14
446.0 5.061255087843865E-14
447.0 5.107230321272643E-14
448.0 5.153487290244288E-14
449.0 5.200026932155729E-14
450.0 5.246850185505099E-14
451.0 5.2939579882082864E-14
452.0 5.3413512809303417E-14
453.0 5.3890310044121337E-14
454.0 5.4369981001221033E-14
455.0 5.4852535109351645E-14
456.0 5.533798181490723E-14
457.0 5.5826330547114814E-14
458.0 5.631759078056469E-14
459.0 5.6811771965365595E-14
460.0 5.730888357955378E-14
461.0 5.780893510807982E-14
462.0 5.831193605352867E-14
463.0 5.881789590354812E-14
464.0 5.93268241849975E-14
465.0 5.983873040951519E-14
466.0 6.035362410608974E-14
467.0 6.08715148212684E-14
468.0 6.139241209679688E-14
469.0 6.191632550318378E-14
470.0 6.244326459836025E-14
471.0 6.297323896143282E-14
472.0 6.350625817757715E-14
473.0 6.404233184953025E-14
474.0 6.458146956654223E-14
475.0 6.512368095864679E-14
476.0 6.566897563826104E-14
477.0 6.621736323909409E-14
478.0 6.676885340045202E-14
479.0 6.732345577916373E-14
480.0 6.788118002545494E-14
481.0 6.84420358109658E-14
482.0 6.900603280855366E-14
483.0 6.957318071677785E-14
484.0 7.014348921048697E-14
485.0 7.07169680108357E-14
486.0 7.129362681065924E-14
487.0 7.187347535368335E-14
488.0 7.245652335485405E-14
489.0 7.304278056338096E-14
490.0 7.363225671605255E-14
491.0 7.42249615755492E-14
492.0 7.48209049047379E-14
493.0 7.5420096475128E-14
494.0 7.602254607563594E-14
495.0 7.662826349946894E-14
496.0 7.72372585350019E-14
497.0 7.784954099676132E-14
498.0 7.846512070781454E-14
499.0 7.908400748607119E-14
500.0 7.970621116667523E-14