200.0 3.307478120796205E-17
201.0 3.4519194191350274E-17
202.0 3.6011653412434465E-17
203.0 3.755320880943467E-17
204.0 3.9144918802358795E-17
205.0 4.078785020434129E-17
206.0 4.248307800724286E-17
207.0 4.42316852706169E-17
208.0 4.603476294527864E-17
209.0 4.7893409725295395E-17
210.0 4.9808731922451705E-17
211.0 5.178184328386983E-17
212.0 5.3813864854553943E-17
213.0 5.590592486632306E-17
214.0 5.805915853426033E-17
215.0 6.02747079708744E-17
216.0 6.255372200589555E-17
217.0 6.489735610243935E-17
218.0 6.730677212664858E-17
219.0 6.97831383014619E-17
220.0 7.232762904838519E-17
221.0 7.494142482580727E-17
222.0 7.762571205371826E-17
223.0 8.038168292686091E-17
224.0 8.321053534625118E-17
225.0 8.611347275389047E-17
226.0 8.909170401801943E-17
227.0 9.214644336846246E-17
228.0 9.527891023601492E-17
229.0 9.84903290732191E-17
230.0 1.0178192939452797E-16
231.0 1.0515494553271241E-16
232.0 1.086106165746456E-16
233.0 1.1215018633507229E-16
234.0 1.157749030905836E-16
235.0 1.1948601962300677E-16
236.0 1.2328479308047238E-16
237.0 1.2717248483332772E-16
238.0 1.3115036040342096E-16
239.0 1.3521968944857285E-16
240.0 1.3938174552843595E-16
241.0 1.4363780620782111E-16
242.0 1.4798915275478644E-16
243.0 1.5243707021960204E-16
244.0 1.5698284724707795E-16
245.0 1.616277761389133E-16
246.0 1.6637315259111292E-16
247.0 1.7122027578222942E-16
248.0 1.7617044822434402E-16
249.0 1.8122497564577969E-16
250.0 1.8638516706160588E-16
251.0 1.916523345604812E-16
252.0 1.9702779334051315E-16
253.0 2.0251286155560537E-16
254.0 2.08108860385445E-16
255.0 2.1381711383785045E-16
256.0 2.1963894875429239E-16
257.0 2.2557569477628876E-16
258.0 2.316286842908657E-16
259.0 2.3779925237746917E-16
260.0 2.440887365947201E-16
261.0 2.5049847715973003E-16
262.0 2.5702981687952076E-16
263.0 2.6368410096539326E-16
264.0 2.704626770649494E-16
265.0 2.77366895246306E-16
266.0 2.84398107956622E-16
267.0 2.915576699192033E-16
268.0 2.9884693815169163E-16
269.0 3.0626727186257065E-16
270.0 3.138200325071938E-16
271.0 3.2150658378893166E-16
272.0 3.293282914573128E-16
273.0 3.3728652340493497E-16
274.0 3.4538264960134946E-16
275.0 3.536180421341522E-16
276.0 3.6199407495883876E-16
277.0 3.7051212423648716E-16
278.0 3.791735680129293E-16
279.0 3.8797978622155184E-16
280.0 3.9693216093500087E-16
281.0 4.060320758215278E-16
282.0 4.1528091680765618E-16
283.0 4.246800714452598E-16
284.0 4.3423092921575717E-16
285.0 4.439348814268108E-16
286.0 4.537933212818042E-16
287.0 4.638076437745382E-16
288.0 4.739792455272047E-16
289.0 4.843095252860055E-16
290.0 4.947998832999514E-16
291.0 5.054517216285704E-16
292.0 5.162664440809535E-16
293.0 5.272454563563255E-16
294.0 5.38390165571252E-16
295.0 5.497019809667481E-16
296.0 5.611823131708395E-16
297.0 5.728325747660865E-16
298.0 5.84654179906608E-16
299.0 5.966485443533381E-16
300.0 6.088170858059622E-16
301.0 6.211612235008338E-16
302.0 6.33682378309585E-16
303.0 6.4638197297181E-16
304.0 6.592614317302382E-16
305.0 6.723221806249438E-16
306.0 6.855656473684878E-16
307.0 6.989932612742074E-16
308.0 7.126064533772194E-16
309.0 7.264066564332813E-16
310.0 7.403953047807667E-16
311.0 7.545738345376117E-16
312.0 7.689436835350749E-16
313.0 7.835062910297393E-16
314.0 7.982630982634575E-16
315.0 8.132155481145261E-16
316.0 8.283650849407639E-16
317.0 8.43713155019128E-16
318.0 8.592612064067805E-16
319.0 8.750106883951292E-16
320.0 8.909630525110504E-16
321.0 9.071197516653068E-16
322.0 9.23482240784957E-16
323.0 9.400519760010846E-16
324.0 9.568304157110689E-16
325.0 9.738190198459385E-16
326.0 9.910192499428739E-16
327.0 1.0084325694015252E-15
328.0 1.026060443403961E-15
329.0 1.0439043389179231E-15
330.0 1.0619657243307665E-15
331.0 1.0802460702685459E-15
332.0 1.0987468489668235E-15
333.0 1.1174695340675663E-15
334.0 1.1364156017652349E-15
335.0 1.1555865292795642E-15
336.0 1.1749837961067357E-15
337.0 1.1946088833429873E-15
338.0 1.2144632741870181E-15
339.0 1.234548453021607E-15
340.0 1.2548659067478181E-15
341.0 1.27541712376158E-15
342.0 1.296203594475591E-15
343.0 1.317226810782294E-15
344.0 1.3384882670352815E-15
345.0 1.3599894590741228E-15
346.0 1.3817318844297752E-15
347.0 1.403717043126852E-15
348.0 1.4259464360807813E-15
349.0 1.448421567533874E-15
350.0 1.4711439423780791E-15
351.0 1.4941150680282209E-15
352.0 1.517336453721997E-15
353.0 1.5408096102651564E-15
354.0 1.5645360510245101E-15
355.0 1.5885172910713734E-15
356.0 1.6127548472977094E-15
357.0 1.6372502384097766E-15
358.0 1.662004985852951E-15
359.0 1.6870206119746167E-15
360.0 1.7122986420052429E-15
361.0 1.737840602597172E-15
362.0 1.7636480227690942E-15
363.0 1.7897224333645397E-15
364.0 1.816065367042233E-15
365.0 1.842678359134309E-15
366.0 1.869562946514897E-15
367.0 1.896720668016473E-15
368.0 1.92415306472659E-15
369.0 1.9518616798498737E-15
370.0 1.979848058559423E-15
371.0 2.008113747837138E-15
372.0 2.0366602972448526E-15
373.0 2.0654892581606056E-15
374.0 2.0946021839245295E-15
375.0 2.1240006303197096E-15
376.0 2.153686154935635E-15
377.0 2.183660317484058E-15
378.0 2.213924680136175E-15
379.0 2.2444808068631033E-15
380.0 2.2753302632460827E-15
381.0 2.3064746185313427E-15
382.0 2.337915442556176E-15
383.0 2.3696543081464638E-15
384.0 2.4016927900872225E-15
385.0 2.434032465292827E-15
386.0 2.4666749124384833E-15
387.0 2.4996217134197647E-15
388.0 2.532874451536947E-15
389.0 2.566434712019745E-15
390.0 2.6003040831605698E-15
391.0 2.6344841546215036E-15
392.0 2.668976518951316E-15
393.0 2.703782770239838E-15
394.0 2.7389045052778565E-15
395.0 2.7743433229775648E-15
396.0 2.81010082416267E-15
397.0 2.8461786127844316E-15
398.0 2.882578293474506E-15
399.0 2.9193014748201496E-15
400.0 2.956349766484071E-15
401.0 2.993724780641076E-15
402.0 3.0314281317738764E-15
403.0 3.0694614371109446E-15
404.0 3.1078263151048764E-15
405.0 3.1465243871603347E-15
406.0 3.1855572769917307E-15
407.0 3.2249266108500177E-15
408.0 3.264634016156296E-15
409.0 3.3046811232981025E-15
410.0 3.345069565193339E-15
411.0 3.3858009770632023E-15
412.0 3.4268769954757844E-15
413.0 3.4682992604645418E-15
414.0 3.510069413637446E-15
415.0 3.552189099611245E-15
416.0 3.594659963812259E-15
417.0 3.637483656153463E-15
418.0 3.680661826842998E-15
419.0 3.724196129087865E-15
420.0 3.768088219380814E-15
421.0 3.8123397552052095E-15
422.0 3.856952397065008E-15
423.0 3.90192780692697E-15
424.0 3.94726765057917E-15
425.0 3.99297359500254E-15
426.0 4.039047309129283E-15
427.0 4.085490466016529E-15
428.0 4.132304739048377E-15
429.0 4.179491805470993E-15
430.0 4.2270533433570655E-15
431.0 4.2749910349458134E-15
432.0 4.3233065627032996E-15
433.0 4.372001613275758E-15
434.0 4.421077874646652E-15
435.0 4.4705370381491146E-15
436.0 4.520380795532704E-15
437.0 4.570610842771373E-15
438.0 4.62122887802416E-15
439.0 4.6722365997908424E-15
440.0 4.723635711744066E-15
441.0 4.775427917879759E-15
442.0 4.827614925241264E-15
443.0 4.880198443628512E-15
444.0 4.93318018433524E-15
445.0 4.986561861070113E-15
446.0 5.040345191574144E-15
447.0 5.094531892784291E-15
448.0 5.149123687284019E-15
449.0 5.204122297787862E-15
450.0 5.259529450056707E-15
451.0 5.315346872921354E-15
452.0 5.371576295920659E-15
453.0 5.428219453005769E-15
454.0 5.485278078116075E-15
455.0 5.5427539096149795E-15
456.0 5.600648686847972E-15
457.0 5.658964152564429E-15
458.0 5.717702051522607E-15
459.0 5.776864129385668E-15
460.0 5.836452136658081E-15
461.0 5.8964678243794226E-15
462.0 5.956912947001041E-15
463.0 6.0177892605586094E-15
464.0 6.079098523385556E-15
465.0 6.14084249686144E-15
466.0 6.2030229435245E-15
467.0 6.265641629710013E-15
468.0 6.328700323274528E-15
469.0 6.392200794337263E-15
470.0 6.456144816057328E-15
471.0 6.520534162669184E-15
472.0 6.585370611425492E-15
473.0 6.650655943020112E-15
474.0 6.716391938372672E-15
475.0 6.782580382223826E-15
476.0 6.849223060709862E-15
477.0 6.916321763397712E-15
478.0 6.983878280805854E-15
479.0 7.051894407298533E-15
480.0 7.120371938158767E-15
481.0 7.189312670812132E-15
482.0 7.258718406971805E-15
483.0 7.328590948789365E-15
484.0 7.398932102282126E-15
485.0 7.469743674291993E-15
486.0 7.541027473311002E-15
487.0 7.612785312138347E-15
488.0 7.685019006592672E-15
489.0 7.75773037098029E-15
490.0 7.830921224818962E-15
491.0 7.904593389707047E-15
492.0 7.978748689306311E-15
493.0 8.05338894791965E-15
494.0 8.128515995612377E-15
495.0 8.204131660251328E-15
496.0 8.280237776427792E-15
497.0 8.356836177896397E-15
498.0 8.433928701823546E-15
499.0 8.51151718735261E-15
500.0 8.589603477062495E-15