conformer_00002F9600000002
 ---------------------------------------------------------------------
 Center     Atomic      Atomic             Coordinates (Angstroms)
 Number     Number       Type             X           Y           Z
 ---------------------------------------------------------------------
      1          8           0        0.295673   -0.712674   -0.342955
      2          8           0       -0.204452    1.502805   -0.139979
      3          6           0        1.712403   -0.384954   -0.571648
      4          6           0        2.414911   -0.113116    0.746550
      5          6           0       -0.555524    0.323624   -0.132548
      6          6           0       -1.907176   -0.129164    0.091167
      7          6           0       -3.050653   -0.467612    0.284057
      8          1           0        2.096564   -1.272899   -1.071707
      9          1           0        1.760048    0.476275   -1.242027
     10          1           0        3.482580    0.048824    0.570772
     11          1           0        2.007517    0.780529    1.224944
     12          1           0        2.300989   -0.964843    1.421569
     13          1           0       -4.061234   -0.761600    0.454453
 ---------------------------------------------------------------------
conformer_00002F9600000006
 ---------------------------------------------------------------------
 Center     Atomic      Atomic             Coordinates (Angstroms)
 Number     Number       Type             X           Y           Z
 ---------------------------------------------------------------------
      1          8           0       -0.295673   -0.712672    0.342958
      2          8           0        0.204452    1.502806    0.139976
      3          6           0       -1.712404   -0.384952    0.571649
      4          6           0       -2.414911   -0.113120   -0.746551
      5          6           0        0.555525    0.323625    0.132548
      6          6           0        1.907176   -0.129164   -0.091166
      7          6           0        3.050653   -0.467614   -0.284057
      8          1           0       -2.096564   -1.272894    1.071712
      9          1           0       -1.760049    0.476280    1.242024
     10          1           0       -3.482581    0.048819   -0.570775
     11          1           0       -2.007518    0.780525   -1.224946
     12          1           0       -2.300986   -0.964848   -1.421568
     13          1           0        4.061232   -0.761605   -0.454457
 ---------------------------------------------------------------------
conformer_00002F9600000005
 ---------------------------------------------------------------------
 Center     Atomic      Atomic             Coordinates (Angstroms)
 Number     Number       Type             X           Y           Z
 ---------------------------------------------------------------------
      1          8           0       -0.401876   -0.357394   -0.000001
      2          8           0        0.645171    1.664072    0.000004
      3          6           0       -1.707238    0.320233   -0.000006
      4          6           0       -2.753517   -0.771976    0.000004
      5          6           0        0.699658    0.435165    0.000001
      6          6           0        1.919475   -0.335637   -0.000002
      7          6           0        2.964568   -0.941497   -0.000003
      8          1           0       -1.758980    0.957627    0.886693
      9          1           0       -1.758980    0.957610   -0.886718
     10          1           0       -3.753812   -0.329831    0.000023
     11          1           0       -2.650647   -1.401926   -0.886379
     12          1           0       -2.650618   -1.401935    0.886378
     13          1           0        3.889005   -1.472698    0.000016
 ---------------------------------------------------------------------
conformer_00002F9600000001
 ---------------------------------------------------------------------
 Center     Atomic      Atomic             Coordinates (Angstroms)
 Number     Number       Type             X           Y           Z
 ---------------------------------------------------------------------
      1          8           0        0.401876   -0.357393    0.000003
      2          8           0       -0.645170    1.664073   -0.000003
      3          6           0        1.707239    0.320233    0.000004
      4          6           0        2.753515   -0.771978   -0.000004
      5          6           0       -0.699658    0.435166    0.000000
      6          6           0       -1.919475   -0.335637    0.000000
      7          6           0       -2.964567   -0.941498   -0.000000
      8          1           0        1.758981    0.957622   -0.886699
      9          1           0        1.758984    0.957613    0.886713
     10          1           0        3.753811   -0.329835   -0.000003
     11          1           0        2.650630   -1.401936    0.886372
     12          1           0        2.650627   -1.401927   -0.886385
     13          1           0       -3.889005   -1.472697   -0.000001
 ---------------------------------------------------------------------
conformer_00002F9600000007
 ---------------------------------------------------------------------
 Center     Atomic      Atomic             Coordinates (Angstroms)
 Number     Number       Type             X           Y           Z
 ---------------------------------------------------------------------
      1          8           0        0.295673   -0.712672    0.342958
      2          8           0       -0.204451    1.502806    0.139977
      3          6           0        1.712404   -0.384953    0.571649
      4          6           0        2.414910   -0.113119   -0.746551
      5          6           0       -0.555525    0.323625    0.132548
      6          6           0       -1.907176   -0.129163   -0.091166
      7          6           0       -3.050653   -0.467614   -0.284057
      8          1           0        1.760049    0.476279    1.242025
      9          1           0        2.096564   -1.272895    1.071711
     10          1           0        3.482580    0.048819   -0.570775
     11          1           0        2.300985   -0.964847   -1.421569
     12          1           0        2.007518    0.780526   -1.224946
     13          1           0       -4.061232   -0.761604   -0.454458
 ---------------------------------------------------------------------
conformer_00002F9600000009
 ---------------------------------------------------------------------
 Center     Atomic      Atomic             Coordinates (Angstroms)
 Number     Number       Type             X           Y           Z
 ---------------------------------------------------------------------
      1          8           0        0.295673   -0.712677    0.342948
      2          8           0       -0.204453    1.502802    0.139984
      3          6           0        1.712404   -0.384958    0.571646
      4          6           0        2.414918   -0.113109   -0.746547
      5          6           0       -0.555526    0.323621    0.132546
      6          6           0       -1.907178   -0.129167   -0.091170
      7          6           0       -3.050662   -0.467598   -0.284051
      8          1           0        1.760046    0.476267    1.242030
      9          1           0        2.096563   -1.272905    1.071703
     10          1           0        3.482588    0.048822   -0.570761
     11          1           0        2.300995   -0.964829   -1.421575
     12          1           0        2.007532    0.780544   -1.224932
     13          1           0       -4.061226   -0.761629   -0.454472
 ---------------------------------------------------------------------
conformer_00002F9600000008
 ---------------------------------------------------------------------
 Center     Atomic      Atomic             Coordinates (Angstroms)
 Number     Number       Type             X           Y           Z
 ---------------------------------------------------------------------
      1          8           0       -0.295676   -0.712670    0.342976
      2          8           0        0.204452    1.502808    0.139973
      3          6           0       -1.712411   -0.384946    0.571652
      4          6           0       -2.414895   -0.113128   -0.746564
      5          6           0        0.555522    0.323626    0.132553
      6          6           0        1.907173   -0.129163   -0.091165
      7          6           0        3.050649   -0.467618   -0.284061
      8          1           0       -2.096582   -1.272880    1.071721
      9          1           0       -1.760061    0.476296    1.242013
     10          1           0       -3.482566    0.048829   -0.570811
     11          1           0       -2.007485    0.780508   -1.224964
     12          1           0       -2.300967   -0.964862   -1.421572
     13          1           0        4.061227   -0.761612   -0.454463
 ---------------------------------------------------------------------
conformer_00002F9600000003
 ---------------------------------------------------------------------
 Center     Atomic      Atomic             Coordinates (Angstroms)
 Number     Number       Type             X           Y           Z
 ---------------------------------------------------------------------
      1          8           0       -0.295673   -0.712674   -0.342955
      2          8           0        0.204452    1.502805   -0.139979
      3          6           0       -1.712403   -0.384954   -0.571648
      4          6           0       -2.414911   -0.113116    0.746550
      5          6           0        0.555524    0.323624   -0.132548
      6          6           0        1.907176   -0.129164    0.091167
      7          6           0        3.050653   -0.467612    0.284057
      8          1           0       -1.760048    0.476275   -1.242027
      9          1           0       -2.096564   -1.272899   -1.071707
     10          1           0       -3.482580    0.048824    0.570772
     11          1           0       -2.300989   -0.964843    1.421569
     12          1           0       -2.007517    0.780529    1.224944
     13          1           0        4.061234   -0.761600    0.454453
 ---------------------------------------------------------------------
conformer_00002F9600000004
 ---------------------------------------------------------------------
 Center     Atomic      Atomic             Coordinates (Angstroms)
 Number     Number       Type             X           Y           Z
 ---------------------------------------------------------------------
      1          8           0        0.401877   -0.357392   -0.000002
      2          8           0       -0.645174    1.664073    0.000002
      3          6           0        1.707239    0.320233   -0.000001
      4          6           0        2.753517   -0.771976    0.000002
      5          6           0       -0.699658    0.435165   -0.000001
      6          6           0       -1.919475   -0.335638   -0.000003
      7          6           0       -2.964567   -0.941498   -0.000001
      8          1           0        1.758981    0.957617   -0.886708
      9          1           0        1.758980    0.957620    0.886704
     10          1           0        3.753813   -0.329832    0.000034
     11          1           0        2.650611   -1.401947    0.886365
     12          1           0        2.650655   -1.401914   -0.886391
     13          1           0       -3.889003   -1.472700    0.000019
 ---------------------------------------------------------------------
