 H2O 
 ---------------------------------------------------------------------
 Center     Atomic      Atomic             Coordinates (Angstroms)
 Number     Number       Type             X           Y           Z
 ---------------------------------------------------------------------
      1          8           0        0.000000    0.000000    0.116598
      2          1           0        0.000000    0.761666   -0.466391
      3          1           0        0.000000   -0.761666   -0.466391
 ---------------------------------------------------------------------
 P5-abs 
 ---------------------------------------------------------------------
 Center     Atomic      Atomic             Coordinates (Angstroms)
 Number     Number       Type             X           Y           Z
 ---------------------------------------------------------------------
      1          6           0        1.194473    2.157855   -0.106960
      2          6           0        1.038412    0.965199   -0.058066
      3          6           0        0.900405   -0.498012    0.021431
      4          8           0        1.813029   -1.186301    0.361974
      5          8           0       -0.282183   -1.010243   -0.320386
      6          6           0       -1.405834   -0.164357   -0.623593
      7          6           0       -2.104475    0.286779    0.643283
      8          1           0       -1.077408    0.680425   -1.231861
      9          1           0       -2.052356   -0.796227   -1.230377
     10          1           0       -2.401672   -0.577698    1.238449
     11          1           0       -1.454253    0.922690    1.246588
     12          1           0       -2.998970    0.858381    0.387936
 ---------------------------------------------------------------------
 P7-abs 
 ---------------------------------------------------------------------
 Center     Atomic      Atomic             Coordinates (Angstroms)
 Number     Number       Type             X           Y           Z
 ---------------------------------------------------------------------
      1          6           0        1.239070    1.992805   -0.117156
      2          1           0        1.469208    3.031630   -0.162955
      3          6           0        0.985773    0.822178   -0.060019
      4          6           0        0.770608   -0.624530    0.023791
      5          8           0        1.643939   -1.373224    0.342358
      6          8           0       -0.449500   -1.075504   -0.299658
      7          6           0       -1.516788   -0.143370   -0.557475
      8          6           0       -1.990976    0.504317    0.689644
      9          1           0       -1.199012    0.592449   -1.300213
     10          1           0       -2.288111   -0.771854   -1.013047
     11          1           0       -2.108806   -0.091952    1.584397
     12          1           0       -2.354917    1.521146    0.677514
 ---------------------------------------------------------------------
 P6-abs 
 ---------------------------------------------------------------------
 Center     Atomic      Atomic             Coordinates (Angstroms)
 Number     Number       Type             X           Y           Z
 ---------------------------------------------------------------------
      1          6           0        2.067260    1.630257   -0.032531
      2          1           0        2.622348    2.539225   -0.049701
      3          6           0        1.448201    0.603989   -0.016185
      4          6           0        0.769259   -0.687588    0.000418
      5          8           0        1.355426   -1.725877    0.014332
      6          8           0       -0.579968   -0.658094   -0.005889
      7          6           0       -1.291475    0.521858    0.024949
      8          6           0       -2.756612    0.325045   -0.040426
      9          1           0       -0.825218    1.352047    0.539859
     10          1           0       -3.023416   -0.290966   -0.902336
     11          1           0       -3.139592   -0.179010    0.856627
     12          1           0       -3.257582    1.289108   -0.129341
 ---------------------------------------------------------------------
 P2-add 
 ---------------------------------------------------------------------
 Center     Atomic      Atomic             Coordinates (Angstroms)
 Number     Number       Type             X           Y           Z
 ---------------------------------------------------------------------
      1          6           0       -1.849821   -1.085317   -0.192332
      2          1           0       -2.140850   -2.109813   -0.402148
      3          6           0       -0.588046   -0.669540   -0.307823
      4          6           0       -0.097276    0.673795   -0.049685
      5          8           0       -0.875301    1.537303    0.307766
      6          8           0        1.191211    0.956022   -0.214719
      7          6           0        2.099284   -0.100497   -0.565357
      8          6           0        2.540726   -0.870352    0.663731
      9          1           0        1.630751   -0.754345   -1.306150
     10          1           0        2.937087    0.409975   -1.037967
     11          1           0        2.983622   -0.192010    1.394256
     12          1           0        1.695579   -1.382478    1.127693
     13          1           0        3.285439   -1.618734    0.385575
     14          8           0       -2.876987   -0.320583    0.181538
     15          1           0       -2.532222    0.576941    0.350854
 ---------------------------------------------------------------------
 P3-add 
 ---------------------------------------------------------------------
 Center     Atomic      Atomic             Coordinates (Angstroms)
 Number     Number       Type             X           Y           Z
 ---------------------------------------------------------------------
      1          6           0       -1.687527   -0.635651    1.270931
      2          1           0       -2.304276   -1.371339    1.757830
      3          6           0       -1.169606   -0.359628    0.099222
      4          6           0       -0.350903    0.902882   -0.097812
      5          8           0       -0.776720    1.976027    0.205142
      6          8           0        0.853663    0.767132   -0.667786
      7          6           0        1.600008   -0.453801   -0.523281
      8          6           0        2.195739   -0.553909    0.867922
      9          1           0        0.972045   -1.311687   -0.763683
     10          1           0        2.378092   -0.377539   -1.281336
     11          1           0        2.808774    0.322177    1.083446
     12          1           0        1.410045   -0.625942    1.623420
     13          1           0        2.821427   -1.446089    0.940090
     14          8           0       -1.292324   -1.088198   -1.056654
     15          1           0       -1.889320   -1.828624   -0.907282
 ---------------------------------------------------------------------
 P4-add 
 ---------------------------------------------------------------------
 Center     Atomic      Atomic             Coordinates (Angstroms)
 Number     Number       Type             X           Y           Z
 ---------------------------------------------------------------------
      1          6           0       -1.658562   -1.097577    0.198531
      2          1           0       -2.299991   -1.917197    0.518230
      3          6           0       -0.357118   -1.231926    0.231600
      4          6           0        1.023325   -0.851485   -0.027358
      5          8           0        1.795308   -1.632292   -0.513946
      6          8           0        1.442077    0.361814    0.370923
      7          6           0        0.495040    1.398306    0.664640
      8          6           0        0.075947    2.110251   -0.606815
      9          1           0       -0.363944    0.985287    1.198440
     10          1           0        1.026547    2.069214    1.338523
     11          1           0        0.950200    2.524115   -1.111117
     12          1           0       -0.435860    1.424469   -1.284028
     13          1           0       -0.612796    2.923493   -0.368783
     14          8           0       -2.298256    0.035998   -0.215493
     15          1           0       -3.248987   -0.098947   -0.186735
 ---------------------------------------------------------------------
 P1-add 
 ---------------------------------------------------------------------
 Center     Atomic      Atomic             Coordinates (Angstroms)
 Number     Number       Type             X           Y           Z
 ---------------------------------------------------------------------
      1          6           0       -2.247428    0.923585    0.610128
      2          1           0       -3.041792    0.358093    1.064055
      3          6           0       -1.118208    0.648930    0.001000
      4          6           0       -0.669180   -0.791911   -0.156944
      5          8           0       -1.452537   -1.660881   -0.401136
      6          8           0        0.637405   -1.049515   -0.044221
      7          6           0        1.538039   -0.224115    0.717558
      8          6           0        2.615065    0.333270   -0.186890
      9          1           0        0.988553    0.566110    1.230407
     10          1           0        1.962127   -0.890804    1.470330
     11          1           0        3.132813   -0.479324   -0.698568
     12          1           0        2.179040    1.001630   -0.928634
     13          1           0        3.344322    0.889024    0.406537
     14          8           0       -0.263599    1.557710   -0.553181
     15          1           0       -0.644946    2.438206   -0.464927
 ---------------------------------------------------------------------
 TS 7-abs 
 ---------------------------------------------------------------------
 Center     Atomic      Atomic             Coordinates (Angstroms)
 Number     Number       Type             X           Y           Z
 ---------------------------------------------------------------------
      1          6           0        2.514441    1.232780   -0.678783
      2          1           0        3.143333    2.030682   -0.999334
      3          6           0        1.813539    0.329599   -0.317788
      4          6           0        1.031312   -0.816657    0.143949
      5          8           0        1.536821   -1.846008    0.468393
      6          8           0       -0.303569   -0.653535    0.187874
      7          6           0       -0.914576    0.573986   -0.193864
      8          6           0       -1.058154    1.527792    0.962327
      9          1           0       -0.438065    0.993893   -1.081343
     10          1           0       -1.989196    0.235815   -0.538765
     11          1           0       -1.578015    1.040015    1.787800
     12          1           0       -0.074769    1.859128    1.307985
     13          1           0       -1.631061    2.403344    0.653533
     14          8           0       -3.112552   -0.534920   -0.685559
     15          1           0       -2.717196   -1.372179   -0.390579
 ---------------------------------------------------------------------
 TS 8-abs 
 ---------------------------------------------------------------------
 Center     Atomic      Atomic             Coordinates (Angstroms)
 Number     Number       Type             X           Y           Z
 ---------------------------------------------------------------------
      1          6           0        1.346387    2.236842   -0.067738
      2          1           0        1.271060    3.299333   -0.082596
      3          6           0        1.438086    1.041461   -0.050743
      4          6           0        1.630617   -0.409968   -0.000589
      5          8           0        2.680837   -0.896142    0.290853
      6          8           0        0.572885   -1.172733   -0.309517
      7          6           0       -0.712731   -0.583690   -0.570952
      8          6           0       -1.429812   -0.275057    0.721990
      9          1           0       -0.600785    0.307764   -1.189949
     10          1           0       -1.246672   -1.340202   -1.142565
     11          1           0       -1.589949   -1.161269    1.335176
     12          1           0       -0.975848    0.533367    1.295470
     13          1           0       -2.493394    0.140980    0.401800
     14          8           0       -3.725623    0.376434   -0.127560
     15          1           0       -4.224493   -0.297973    0.360657
 ---------------------------------------------------------------------
 TS 6-abs 
 ---------------------------------------------------------------------
 Center     Atomic      Atomic             Coordinates (Angstroms)
 Number     Number       Type             X           Y           Z
 ---------------------------------------------------------------------
      1          6           0       -1.663530   -0.236079   -0.054012
      2          1           0       -2.960273   -0.837973    0.026438
      3          6           0       -0.633505    0.397953   -0.043495
      4          6           0        0.640454    1.125746    0.014185
      5          8           0        0.673166    2.274610    0.339625
      6          8           0        1.742010    0.457161   -0.326140
      7          6           0        1.699588   -0.950464   -0.623678
      8          6           0        1.753256   -1.774923    0.646905
      9          1           0        0.811751   -1.174945   -1.217588
     10          1           0        2.581017   -1.114663   -1.241410
     11          1           0        2.639642   -1.516480    1.227739
     12          1           0        0.867118   -1.605820    1.260796
     13          1           0        1.797220   -2.836660    0.396346
     14          8           0       -3.969741   -0.542754   -0.089988
     15          1           0       -4.077527    0.201005    0.520274
 ---------------------------------------------------------------------
 TS 1-add 
 ---------------------------------------------------------------------
 Center     Atomic      Atomic             Coordinates (Angstroms)
 Number     Number       Type             X           Y           Z
 ---------------------------------------------------------------------
      1          6           0       -2.101910   -1.063524   -0.848101
      2          1           0       -2.768956   -1.778419   -1.272482
      3          6           0       -1.298056   -0.322848   -0.313699
      4          6           0       -0.611048    0.936724    0.061258
      5          8           0       -1.222439    1.824182    0.575492
      6          8           0        0.682032    1.032803   -0.213139
      7          6           0        1.454929   -0.042554   -0.780391
      8          6           0        2.543094   -0.431245    0.196172
      9          1           0        0.812133   -0.891117   -1.013490
     10          1           0        1.869294    0.354422   -1.708381
     11          1           0        3.156914    0.435020    0.446487
     12          1           0        2.099741   -0.833383    1.106941
     13          1           0        3.182317   -1.194926   -0.251646
     14          8           0       -0.355330   -1.473879    1.034151
     15          1           0       -1.107604   -1.615754    1.629105
 ---------------------------------------------------------------------
 TS 4-add 
 ---------------------------------------------------------------------
 Center     Atomic      Atomic             Coordinates (Angstroms)
 Number     Number       Type             X           Y           Z
 ---------------------------------------------------------------------
      1          6           0       -1.808127   -0.114443    0.954970
      2          1           0       -2.593935   -0.525098    1.547675
      3          6           0       -0.826624    0.489558    0.566600
      4          6           0        0.312176    1.198924   -0.021922
      5          8           0        0.380853    2.392685    0.011734
      6          8           0        1.250741    0.451875   -0.600180
      7          6           0        1.167742   -0.989865   -0.591101
      8          6           0        1.737361   -1.553160    0.695324
      9          1           0        0.134455   -1.301601   -0.757631
     10          1           0        1.765113   -1.288124   -1.451080
     11          1           0        2.761160   -1.206174    0.841400
     12          1           0        1.137904   -1.253477    1.556918
     13          1           0        1.741759   -2.643848    0.648085
     14          8           0       -2.367114   -1.056205   -0.750957
     15          1           0       -2.557460   -0.274592   -1.293364
 ---------------------------------------------------------------------
 TS 3-add 
 ---------------------------------------------------------------------
 Center     Atomic      Atomic             Coordinates (Angstroms)
 Number     Number       Type             X           Y           Z
 ---------------------------------------------------------------------
      1          6           0        1.352193   -1.372810   -1.145785
      2          1           0        1.719168   -2.247832   -1.631076
      3          6           0        0.958192   -0.421183   -0.497385
      4          6           0        0.411472    0.925413   -0.202381
      5          8           0        1.026009    1.906280   -0.494659
      6          8           0       -0.772510    0.977116    0.395002
      7          6           0       -1.518729   -0.223115    0.675992
      8          6           0       -2.365373   -0.618279   -0.517550
      9          1           0       -0.836568   -1.015493    0.985397
     10          1           0       -2.138838    0.048013    1.528950
     11          1           0       -3.019384    0.204482   -0.809290
     12          1           0       -1.739628   -0.888364   -1.370428
     13          1           0       -2.983072   -1.481345   -0.260819
     14          8           0        1.443392   -0.842962    1.395124
     15          1           0        2.396658   -0.683094    1.316186
 ---------------------------------------------------------------------
 TS 5-add 
 ---------------------------------------------------------------------
 Center     Atomic      Atomic             Coordinates (Angstroms)
 Number     Number       Type             X           Y           Z
 ---------------------------------------------------------------------
      1          6           0        1.790709   -0.016148    1.010874
      2          1           0        2.602597   -0.380963    1.598219
      3          6           0        0.775348    0.530771    0.625146
      4          6           0       -0.354865    1.170131   -0.049992
      5          8           0       -0.225942    2.224383   -0.601933
      6          8           0       -1.523269    0.531225   -0.012310
      7          6           0       -1.619014   -0.799664    0.533019
      8          6           0       -1.135131   -1.836870   -0.460607
      9          1           0       -1.066920   -0.848081    1.474192
     10          1           0       -2.679840   -0.914752    0.748789
     11          1           0       -1.691857   -1.749561   -1.394898
     12          1           0       -0.068815   -1.724009   -0.667293
     13          1           0       -1.299104   -2.836480   -0.052485
     14          8           0        2.372718   -0.961487   -0.685017
     15          1           0        2.473604   -0.188435   -1.263086
 ---------------------------------------------------------------------
 TS 2-add 
 ---------------------------------------------------------------------
 Center     Atomic      Atomic             Coordinates (Angstroms)
 Number     Number       Type             X           Y           Z
 ---------------------------------------------------------------------
      1          6           0       -1.520964   -1.304845   -0.363158
      2          1           0       -2.028402   -2.230357   -0.521315
      3          6           0       -0.655632   -0.449259   -0.304506
      4          6           0       -0.021618    0.849188   -0.066186
      5          8           0       -0.692138    1.785963    0.265434
      6          8           0        1.292099    0.946145   -0.241154
      7          6           0        2.069319   -0.229914   -0.532719
      8          6           0        2.402062   -0.988791    0.736000
      9          1           0        1.531286   -0.853304   -1.251391
     10          1           0        2.965369    0.157296   -1.014660
     11          1           0        2.917584   -0.336700    1.442091
     12          1           0        1.497786   -1.375772    1.209591
     13          1           0        3.052797   -1.833304    0.501071
     14          8           0       -3.190534   -0.393935    0.276903
     15          1           0       -2.850827    0.508479    0.408573
 ---------------------------------------------------------------------
 PRC_ABS_1 
 ---------------------------------------------------------------------
 Center     Atomic      Atomic             Coordinates (Angstroms)
 Number     Number       Type             X           Y           Z
 ---------------------------------------------------------------------
      1          6           0        1.549252   -0.322812   -0.028370
      2          1           0        2.584391   -0.054632   -0.033390
      3          6           0        0.389534   -0.631312   -0.021535
      4          6           0       -1.002411   -1.083473    0.015693
      5          8           0       -1.295220   -2.196201    0.338631
      6          8           0       -1.938137   -0.197013   -0.345235
      7          6           0       -1.595174    1.169264   -0.628894
      8          6           0       -1.489639    1.980098    0.647673
      9          1           0       -0.671883    1.205544   -1.210136
     10          1           0       -2.413205    1.521957   -1.255347
     11          1           0       -2.418077    1.910598    1.216062
     12          1           0       -0.667244    1.624288    1.270719
     13          1           0       -1.305824    3.029129    0.406802
     14          8           0        4.762326    0.420776   -0.044564
     15          1           0        5.550721   -0.127979    0.107236
 ---------------------------------------------------------------------
 ethyl_propiolate_non_planar_m062 
 ---------------------------------------------------------------------
 Center     Atomic      Atomic             Coordinates (Angstroms)
 Number     Number       Type             X           Y           Z
 ---------------------------------------------------------------------
      1          6           0        1.410252    1.947277   -0.085083
      2          1           0        1.695178    2.973265   -0.112358
      3          6           0        1.098490    0.789810   -0.052342
      4          6           0        0.806496   -0.645372    0.021494
      5          8           0        1.637860   -1.434522    0.356557
      6          8           0       -0.427486   -1.032210   -0.317209
      7          6           0       -1.450110   -0.069893   -0.624599
      8          6           0       -2.097407    0.458103    0.640305
      9          1           0       -1.029785    0.733639   -1.232687
     10          1           0       -2.162314   -0.626832   -1.231447
     11          1           0       -2.482759   -0.368409    1.238898
     12          1           0       -1.382052    1.023320    1.240123
     13          1           0       -2.927581    1.119322    0.384033
 ---------------------------------------------------------------------
 OH-radical_m062 
 ---------------------------------------------------------------------
 Center     Atomic      Atomic             Coordinates (Angstroms)
 Number     Number       Type             X           Y           Z
 ---------------------------------------------------------------------
      1          8           0        0.000000    0.000000    0.108001
      2          1           0        0.000000    0.000000   -0.864012
 ---------------------------------------------------------------------
 P12-abs 
 ---------------------------------------------------------------------
 Center     Atomic      Atomic             Coordinates (Angstroms)
 Number     Number       Type             X           Y           Z
 ---------------------------------------------------------------------
      1          6           0        2.897569   -0.948256    0.015141
      2          1           0        3.811495   -1.494536    0.023754
      3          6           0        1.868486   -0.334701    0.004368
      4          6           0        0.654555    0.459863   -0.004514
      5          8           0        0.618808    1.655936    0.022104
      6          8           0       -0.433208   -0.337285   -0.046510
      7          6           0       -1.670564    0.254791   -0.086930
      8          6           0       -2.800166   -0.690034    0.041399
      9          1           0       -1.703250    1.312063    0.129488
     10          1           0       -2.701172   -1.511771   -0.672559
     11          1           0       -2.850457   -1.131852    1.045522
     12          1           0       -3.740701   -0.173089   -0.147741
 ---------------------------------------------------------------------
 P11-abs 
 ---------------------------------------------------------------------
 Center     Atomic      Atomic             Coordinates (Angstroms)
 Number     Number       Type             X           Y           Z
 ---------------------------------------------------------------------
      1          6           0       -2.977535   -1.089787   -0.000067
      2          6           0       -1.967282   -0.438280   -0.000015
      3          6           0       -0.760668    0.385763    0.000053
      4          8           0       -0.775308    1.583270    0.000174
      5          8           0        0.332861   -0.371738   -0.000040
      6          6           0        1.583589    0.347008    0.000017
      7          6           0        2.689161   -0.681620   -0.000120
      8          1           0        1.612100    0.987840   -0.883506
      9          1           0        1.612131    0.987643    0.883683
     10          1           0        2.627376   -1.314478    0.885949
     11          1           0        2.627348   -1.314271   -0.886334
     12          1           0        3.657032   -0.177496   -0.000077
 ---------------------------------------------------------------------
 P13-abs 
 ---------------------------------------------------------------------
 Center     Atomic      Atomic             Coordinates (Angstroms)
 Number     Number       Type             X           Y           Z
 ---------------------------------------------------------------------
      1          6           0       -2.913967   -0.879777   -0.014817
      2          1           0       -3.850654   -1.385823   -0.021412
      3          6           0       -1.859494   -0.311731   -0.007364
      4          6           0       -0.606616    0.430294    0.002504
      5          8           0       -0.535668    1.626983    0.027206
      6          8           0        0.441099   -0.395339   -0.019946
      7          6           0        1.729436    0.246848   -0.000880
      8          6           0        2.764820   -0.808196   -0.013678
      9          1           0        1.808126    0.916254   -0.862688
     10          1           0        1.779162    0.878386    0.896862
     11          1           0        2.560494   -1.766933    0.440982
     12          1           0        3.774354   -0.559663   -0.306410
 ---------------------------------------------------------------------
 P10-add 
 ---------------------------------------------------------------------
 Center     Atomic      Atomic             Coordinates (Angstroms)
 Number     Number       Type             X           Y           Z
 ---------------------------------------------------------------------
      1          6           0        2.347591   -0.424142    0.000002
      2          1           0        3.431887   -0.462145    0.000002
      3          6           0        1.689835    0.728074   -0.000006
      4          6           0        0.281837    1.074075   -0.000007
      5          8           0       -0.195079    2.173448   -0.000013
      6          8           0       -0.475640   -0.063657    0.000001
      7          6           0       -1.903537    0.131744    0.000001
      8          6           0       -2.545629   -1.236199    0.000005
      9          1           0       -2.171901    0.713972    0.883318
     10          1           0       -2.171901    0.713967   -0.883319
     11          1           0       -2.255821   -1.801079   -0.887649
     12          1           0       -2.255821   -1.801074    0.887661
     13          1           0       -3.631852   -1.131900    0.000005
     14          8           0        1.796119   -1.650180    0.000012
     15          1           0        0.831619   -1.549940    0.000011
 ---------------------------------------------------------------------
 P8-add 
 ---------------------------------------------------------------------
 Center     Atomic      Atomic             Coordinates (Angstroms)
 Number     Number       Type             X           Y           Z
 ---------------------------------------------------------------------
      1          6           0       -2.852818   -0.247719   -0.000007
      2          1           0       -3.184147   -1.271088   -0.000014
      3          6           0       -1.670043    0.331185    0.000000
      4          6           0       -0.438704   -0.533079   -0.000003
      5          8           0       -0.427241   -1.730851   -0.000008
      6          8           0        0.667467    0.230998    0.000002
      7          6           0        1.924390   -0.475169    0.000001
      8          6           0        3.026388    0.557301    0.000004
      9          1           0        1.954686   -1.115487    0.883406
     10          1           0        1.954686   -1.115482   -0.883408
     11          1           0        2.965956    1.189283   -0.887184
     12          1           0        2.965956    1.189277    0.887195
     13          1           0        3.995786    0.056202    0.000002
     14          8           0       -1.495153    1.676495    0.000009
     15          1           0       -0.548788    1.859045    0.000011
 ---------------------------------------------------------------------
 P9-add 
 ---------------------------------------------------------------------
 Center     Atomic      Atomic             Coordinates (Angstroms)
 Number     Number       Type             X           Y           Z
 ---------------------------------------------------------------------
      1          6           0        2.533320   -0.747558    0.000003
      2          1           0        3.270264   -1.544040    0.000011
      3          6           0        1.224362   -0.989588    0.000008
      4          6           0        0.167060   -0.002976   -0.000001
      5          8           0        0.416137    1.191987   -0.000013
      6          8           0       -1.062947   -0.498846    0.000006
      7          6           0       -2.134740    0.463067   -0.000001
      8          6           0       -3.429087   -0.316709    0.000010
      9          1           0       -2.033950    1.096807    0.883438
     10          1           0       -2.033954    1.096788   -0.883454
     11          1           0       -3.495320   -0.949646   -0.885803
     12          1           0       -3.495315   -0.949629    0.885835
     13          1           0       -4.275262    0.372235    0.000005
     14          8           0        3.087990    0.470892   -0.000010
     15          1           0        2.368619    1.127805   -0.000015
 ---------------------------------------------------------------------
 TS 12-abs 
 ---------------------------------------------------------------------
 Center     Atomic      Atomic             Coordinates (Angstroms)
 Number     Number       Type             X           Y           Z
 ---------------------------------------------------------------------
      1          6           0        2.246356   -0.380248   -0.058024
      2          1           0        3.582816   -0.883639   -0.145739
      3          6           0        1.139729    0.098574   -0.013023
      4          6           0       -0.213593    0.643645   -0.000047
      5          8           0       -0.449807    1.819009    0.016254
      6          8           0       -1.125517   -0.324506   -0.006059
      7          6           0       -2.498918    0.114020    0.012633
      8          6           0       -3.359891   -1.127446    0.000026
      9          1           0       -2.656202    0.718984    0.907958
     10          1           0       -2.671773    0.748169   -0.859305
     11          1           0       -3.169774   -1.716630   -0.897815
     12          1           0       -3.152765   -1.746276    0.873823
     13          1           0       -4.413658   -0.844119    0.014687
     14          8           0        4.566620   -0.574268    0.092985
     15          1           0        4.668897    0.270362   -0.368436
 ---------------------------------------------------------------------
 TS 14-abs 
 ---------------------------------------------------------------------
 Center     Atomic      Atomic             Coordinates (Angstroms)
 Number     Number       Type             X           Y           Z
 ---------------------------------------------------------------------
      1          6           0        2.983098    1.309649    0.305220
      2          1           0        3.745981    2.036769    0.459693
      3          6           0        2.126762    0.490241    0.130649
      4          6           0        1.119531   -0.532411   -0.107278
      5          8           0        1.348277   -1.612703   -0.569428
      6          8           0       -0.095217   -0.102422    0.257164
      7          6           0       -1.175217   -1.031508    0.034903
      8          6           0       -2.418915   -0.390375    0.579742
      9          1           0       -1.249776   -1.226156   -1.036854
     10          1           0       -0.937653   -1.971554    0.540072
     11          1           0       -2.358262   -0.163352    1.643240
     12          1           0       -2.550094    0.663387    0.025915
     13          1           0       -3.319542   -0.952142    0.335041
     14          8           0       -2.233942    1.803880   -0.597638
     15          1           0       -1.295155    1.829427   -0.347311
 ---------------------------------------------------------------------
 TS 13-abs 
 ---------------------------------------------------------------------
 Center     Atomic      Atomic             Coordinates (Angstroms)
 Number     Number       Type             X           Y           Z
 ---------------------------------------------------------------------
      1          6           0        3.340918   -0.490753   -0.438773
      2          1           0        4.334335   -0.757739   -0.714711
      3          6           0        2.223463   -0.191910   -0.128141
      4          6           0        0.886151    0.218354    0.262207
      5          8           0        0.628191    1.274708    0.773109
      6          8           0       -0.013204   -0.728108   -0.017128
      7          6           0       -1.356543   -0.450446    0.358525
      8          6           0       -2.231730   -1.588190   -0.087688
      9          1           0       -1.406824   -0.219100    1.424553
     10          1           0       -1.694533    0.533062   -0.193453
     11          1           0       -2.151814   -1.729897   -1.165839
     12          1           0       -1.936395   -2.514112    0.411573
     13          1           0       -3.270274   -1.369654    0.162717
     14          8           0       -1.853880    1.809805   -0.697872
     15          1           0       -1.136902    2.223871   -0.186491
 ---------------------------------------------------------------------
 TS 11-add 
 ---------------------------------------------------------------------
 Center     Atomic      Atomic             Coordinates (Angstroms)
 Number     Number       Type             X           Y           Z
 ---------------------------------------------------------------------
      1          6           0        2.630336    0.229114    0.000000
      2          1           0        3.693815    0.143381    0.000001
      3          6           0        1.504194    0.687365   -0.000003
      4          6           0        0.083787    1.000289   -0.000005
      5          8           0       -0.371162    2.107784   -0.000010
      6          8           0       -0.634134   -0.127913    0.000000
      7          6           0       -2.067180    0.046721   -0.000001
      8          6           0       -2.685258   -1.331273    0.000005
      9          1           0       -2.342388    0.625408    0.883806
     10          1           0       -2.342387    0.625401   -0.883814
     11          1           0       -2.383477   -1.890109   -0.886794
     12          1           0       -2.383477   -1.890101    0.886808
     13          1           0       -3.772908   -1.243629    0.000004
     14          8           0        2.416291   -1.770237    0.000010
     15          1           0        1.447594   -1.840710    0.000010
 ---------------------------------------------------------------------
 TS 10-add 
 ---------------------------------------------------------------------
 Center     Atomic      Atomic             Coordinates (Angstroms)
 Number     Number       Type             X           Y           Z
 ---------------------------------------------------------------------
      1          6           0        2.344031   -1.181183    0.000005
      2          1           0        3.166496   -1.860722    0.000007
      3          6           0        1.215357   -0.726517    0.000005
      4          6           0        0.092183    0.197761    0.000005
      5          8           0        0.249445    1.390262    0.000009
      6          8           0       -1.079371   -0.423251   -0.000001
      7          6           0       -2.240973    0.433821   -0.000002
      8          6           0       -3.455519   -0.464105   -0.000005
      9          1           0       -2.196985    1.073018    0.883937
     10          1           0       -2.196981    1.073020   -0.883939
     11          1           0       -3.464059   -1.099647   -0.886220
     12          1           0       -3.464062   -1.099649    0.886208
     13          1           0       -4.360821    0.145162   -0.000006
     14          8           0        3.564503    0.417312   -0.000012
     15          1           0        2.909315    1.135563   -0.000007
 ---------------------------------------------------------------------
 TS 9-add 
 ---------------------------------------------------------------------
 Center     Atomic      Atomic             Coordinates (Angstroms)
 Number     Number       Type             X           Y           Z
 ---------------------------------------------------------------------
      1          6           0       -2.590798    0.192750   -1.132881
      2          1           0       -3.480742    0.449171   -1.659626
      3          6           0       -1.597682   -0.016074   -0.463183
      4          6           0       -0.325459   -0.615104   -0.027251
      5          8           0       -0.251574   -1.683578    0.508257
      6          8           0        0.693229    0.182635   -0.314833
      7          6           0        1.985321   -0.278202    0.128010
      8          6           0        2.990741    0.780132   -0.259689
      9          1           0        1.941433   -0.432267    1.208029
     10          1           0        2.190732   -1.240696   -0.345004
     11          1           0        3.000308    0.924746   -1.340650
     12          1           0        2.748718    1.730299    0.217514
     13          1           0        3.988181    0.473132    0.059237
     14          8           0       -1.766970    1.126330    1.163069
     15          1           0       -2.558842    0.711507    1.538511
 ---------------------------------------------------------------------
 PRC_ABS 3 
 ---------------------------------------------------------------------
 Center     Atomic      Atomic             Coordinates (Angstroms)
 Number     Number       Type             X           Y           Z
 ---------------------------------------------------------------------
      1          6           0       -3.470954   -0.154704   -0.000049
      2          1           0       -4.524847   -0.307655   -0.000078
      3          6           0       -2.285533    0.015794   -0.000016
      4          6           0       -0.855547    0.276347    0.000029
      5          8           0       -0.388662    1.387886    0.000102
      6          8           0       -0.152834   -0.845699   -0.000020
      7          6           0        1.285509   -0.699335    0.000022
      8          6           0        1.875886   -2.088931    0.000002
      9          1           0        1.574948   -0.129689   -0.886025
     10          1           0        1.574905   -0.129728    0.886106
     11          1           0        1.562586   -2.641135    0.886677
     12          1           0        1.562622   -2.641097   -0.886708
     13          1           0        2.964556   -2.018147    0.000026
     14          8           0        2.366480    2.155816   -0.000081
     15          1           0        1.389197    2.188397    0.000064
 ---------------------------------------------------------------------
 PRC_ADD_1 
 ---------------------------------------------------------------------
 Center     Atomic      Atomic             Coordinates (Angstroms)
 Number     Number       Type             X           Y           Z
 ---------------------------------------------------------------------
      1          6           0       -2.080426    1.811235   -0.000005
      2          1           0       -2.885006    2.509148    0.000001
      3          6           0       -1.179578    1.021591   -0.000012
      4          6           0       -0.180051   -0.032361   -0.000020
      5          8           0       -0.466521   -1.205016   -0.000038
      6          8           0        1.055380    0.441172   -0.000006
      7          6           0        2.108981   -0.546571   -0.000012
      8          6           0        3.419067    0.204881    0.000033
      9          1           0        1.989547   -1.175843    0.884075
     10          1           0        1.989581   -1.175795   -0.884138
     11          1           0        3.500206    0.835311   -0.886128
     12          1           0        3.500173    0.835261    0.886234
     13          1           0        4.248239   -0.504283    0.000029
     14          8           0       -3.390250   -1.074019    0.000046
     15          1           0       -2.459585   -1.373549    0.000005
 ---------------------------------------------------------------------
 PRC2 
 ---------------------------------------------------------------------
 Center     Atomic      Atomic             Coordinates (Angstroms)
 Number     Number       Type             X           Y           Z
 ---------------------------------------------------------------------
      1          6           0        1.766920    0.159229   -0.000026
      2          1           0        2.766985   -0.218614   -0.000037
      3          6           0        0.648939    0.594733   -0.000014
      4          6           0       -0.688460    1.187403   -0.000001
      5          8           0       -0.861837    2.369699    0.000004
      6          8           0       -1.719174    0.332964    0.000007
      7          6           0       -1.487714   -1.085951    0.000004
      8          6           0       -2.844997   -1.750832    0.000010
      9          1           0       -0.909633   -1.356640   -0.886790
     10          1           0       -0.909624   -1.356642    0.886791
     11          1           0       -3.411842   -1.461678    0.885614
     12          1           0       -3.411850   -1.461678   -0.885589
     13          1           0       -2.724295   -2.835500    0.000010
     14          8           0        4.893404   -0.894322   -0.000056
     15          1           0        5.732994   -0.403464    0.000529
 ---------------------------------------------------------------------
 PRC_ADD_2 
 ---------------------------------------------------------------------
 Center     Atomic      Atomic             Coordinates (Angstroms)
 Number     Number       Type             X           Y           Z
 ---------------------------------------------------------------------
      1          6           0        2.841205   -0.042510    0.000007
      2          1           0        3.823359    0.369855    0.000013
      3          6           0        1.735872   -0.505090    0.000002
      4          6           0        0.376034   -1.019217   -0.000006
      5          8           0        0.071694   -2.175761   -0.000020
      6          8           0       -0.500423   -0.001093    0.000003
      7          6           0       -1.897203   -0.366532   -0.000004
      8          6           0       -2.688560    0.920462    0.000008
      9          1           0       -2.092419   -0.975544   -0.884485
     10          1           0       -2.092423   -0.975562    0.884464
     11          1           0       -2.460636    1.512902    0.887548
     12          1           0       -2.460633    1.512920   -0.887519
     13          1           0       -3.756215    0.696047    0.000004
     14          8           0        1.223767    2.441768    0.000007
     15          1           0        0.474570    1.817394    0.000008
 ---------------------------------------------------------------------
 ETHYL_PROPIOLATE_PLANAR_m062x 
 ---------------------------------------------------------------------
 Center     Atomic      Atomic             Coordinates (Angstroms)
 Number     Number       Type             X           Y           Z
 ---------------------------------------------------------------------
      1          6           0       -2.947837   -0.924579   -0.000002
      2          1           0       -3.872521   -1.452270   -0.000007
      3          6           0       -1.906958   -0.331744    0.000004
      4          6           0       -0.671325    0.440200    0.000002
      5          8           0       -0.631469    1.638729    0.000002
      6          8           0        0.395360   -0.359256    0.000000
      7          6           0        1.671200    0.309932   -0.000006
      8          6           0        2.736259   -0.761115    0.000003
      9          1           0        1.725869    0.949710   -0.883254
     10          1           0        1.725869    0.949726    0.883231
     11          1           0        2.648914   -1.391210    0.885972
     12          1           0        2.648902   -1.391235   -0.885948
     13          1           0        3.723805   -0.296665   -0.000011
 ---------------------------------------------------------------------
