200.0 8.71716392414916E-18
201.0 9.082310369987025E-18
202.0 9.458995456408026E-18
203.0 9.847451187230064E-18
204.0 1.0247910814694259E-17
205.0 1.0660608790016442E-17
206.0 1.1085780717345984E-17
207.0 1.1523663302342754E-17
208.0 1.1974494300549754E-17
209.0 1.2438512475791979E-17
210.0 1.291595754100596E-17
211.0 1.3407070117242231E-17
212.0 1.3912091681416005E-17
213.0 1.4431264525224577E-17
214.0 1.4964831697730098E-17
215.0 1.5513036969096423E-17
216.0 1.6076124773413407E-17
217.0 1.6654340174082963E-17
218.0 1.7247928802415823E-17
219.0 1.7857136831113954E-17
220.0 1.8482210913284333E-17
221.0 1.912339815112264E-17
222.0 1.9780946042005178E-17
223.0 2.04551024389979E-17
224.0 2.114611550722762E-17
225.0 2.1854233691798895E-17
226.0 2.257970564792231E-17
227.0 2.3322780237376327E-17
228.0 2.4083706468588115E-17
229.0 2.4862733443108412E-17
230.0 2.5660110342049333E-17
231.0 2.6476086374858978E-17
232.0 2.7310910736637438E-17
233.0 2.81648325896282E-17
234.0 2.903810098796438E-17
235.0 2.9930964895405554E-17
236.0 3.0843673100106955E-17
237.0 3.1776474206507614E-17
238.0 3.27296165889196E-17
239.0 3.370334836810696E-17
240.0 3.469791736528025E-17
241.0 3.571357109299475E-17
242.0 3.675055668931622E-17
243.0 3.780912090544197E-17
244.0 3.888951007868101E-17
245.0 3.999197009255403E-17
246.0 4.111674635044626E-17
247.0 4.2264083755308454E-17
248.0 4.3434226666114157E-17
249.0 4.462741887328434E-17
250.0 4.584390359104109E-17
251.0 4.7083923393938646E-17
252.0 4.834772022582909E-17
253.0 4.9635535358140004E-17
254.0 5.0947609375183626E-17
255.0 5.2284182120282334E-17
256.0 5.3645492722629846E-17
257.0 5.5031779508780084E-17
258.0 5.644328007531382E-17
259.0 5.788023116325699E-17
260.0 5.934286868287227E-17
261.0 6.083142771859444E-17
262.0 6.2346142455879E-17
263.0 6.38872462201818E-17
264.0 6.545497139603899E-17
265.0 6.704954944039301E-17
266.0 6.86712108932257E-17
267.0 7.032018530156086E-17
268.0 7.199670124456461E-17
269.0 7.370098628587355E-17
270.0 7.543326699474294E-17
271.0 7.71937689068627E-17
272.0 7.898271649109504E-17
273.0 8.080033319949951E-17
274.0 8.26468413783998E-17
275.0 8.45224622856512E-17
276.0 8.642741610315549E-17
277.0 8.836192187039925E-17
278.0 9.032619754274112E-17
279.0 9.232045989685003E-17
280.0 9.434492458182948E-17
281.0 9.639980608933997E-17
282.0 9.848531774200689E-17
283.0 1.0060167169231989E-16
284.0 1.0274907886066808E-16
285.0 1.0492774901600834E-16
286.0 1.0713789073776339E-16
287.0 1.0937971132013005E-16
288.0 1.116534168899897E-16
289.0 1.1395921233507598E-16
290.0 1.1629730128311998E-16
291.0 1.186678861385373E-16
292.0 1.2107116805266296E-16
293.0 1.23507346904001E-16
294.0 1.2597662133894024E-16
295.0 1.2847918869261376E-16
296.0 1.310152450423432E-16
297.0 1.3358498524156965E-16
298.0 1.3618860274808845E-16
299.0 1.3882628984903163E-16
300.0 1.414982374487461E-16
301.0 1.4420463523507723E-16
302.0 1.469456714996379E-16
303.0 1.4972153332409337E-16
304.0 1.5253240646824768E-16
305.0 1.5537847533557066E-16
306.0 1.5825992305481795E-16
307.0 1.611769314493638E-16
308.0 1.641296810498782E-16
309.0 1.6711835099998717E-16
310.0 1.7014311920564534E-16
311.0 1.73204162210969E-16
312.0 1.763016552737768E-16
313.0 1.7943577230030406E-16
314.0 1.8260668590780018E-16
315.0 1.858145673576263E-16
316.0 1.8905958667144074E-16
317.0 1.9234191246186093E-16
318.0 1.9566171210155885E-16
319.0 1.99019151585074E-16
320.0 2.0241439561473893E-16
321.0 2.0584760758376926E-16
322.0 2.093189496511883E-16
323.0 2.1282858246393188E-16
324.0 2.1637666558386284E-16
325.0 2.1996335711556384E-16
326.0 2.2358881393277273E-16
327.0 2.272531915647626E-16
328.0 2.3095664427534746E-16
329.0 2.3469932504597454E-16
330.0 2.3848138547443103E-16
331.0 2.423029759384701E-16
332.0 2.461642455172059E-16
333.0 2.5006534201380154E-16
334.0 2.540064119362175E-16
335.0 2.5798760047637443E-16
336.0 2.620090516218304E-16
337.0 2.66070908026809E-16
338.0 2.701733111253499E-16
339.0 2.743164010440841E-16
340.0 2.7850031662570623E-16
341.0 2.8272519557301124E-16
342.0 2.8699117424237374E-16
343.0 2.912983876895992E-16
344.0 2.95646969916355E-16
345.0 3.0003705346083483E-16
346.0 3.0446876979123656E-16
347.0 3.0894224908926688E-16
348.0 3.1345762025016007E-16
349.0 3.1801501109167276E-16
350.0 3.226145480489187E-16
351.0 3.272563564623578E-16
352.0 3.319405604801985E-16
353.0 3.366672828714857E-16
354.0 3.4143664548998586E-16
355.0 3.4624876879073464E-16
356.0 3.5110377210491986E-16
357.0 3.560017735903075E-16
358.0 3.6094289023571457E-16
359.0 3.659272378070444E-16
360.0 3.709549309962924E-16
361.0 3.7602608325157844E-16
362.0 3.8114080698810177E-16
363.0 3.862992133243741E-16
364.0 3.9150141235609135E-16
365.0 3.9674751294881225E-16
366.0 4.0203762298939644E-16
367.0 4.0737184908025446E-16
368.0 4.1275029676052524E-16
369.0 4.1817307048113784E-16
370.0 4.2364027364355275E-16
371.0 4.2915200844148534E-16
372.0 4.3470837599405005E-16
373.0 4.403094763515692E-16
374.0 4.459554085355429E-16
375.0 4.516462704770717E-16
376.0 4.573821589511109E-16
377.0 4.631631697883574E-16
378.0 4.689893976726417E-16
379.0 4.748609362850538E-16
380.0 4.807778782024161E-16
381.0 4.867403151191273E-16
382.0 4.927483374528597E-16
383.0 4.988020348604402E-16
384.0 5.049014958786997E-16
385.0 5.110468078864699E-16
386.0 5.172380574100768E-16
387.0 5.234753300194827E-16
388.0 5.297587101787622E-16
389.0 5.360882814038993E-16
390.0 5.424641261899864E-16
391.0 5.488863261754872E-16
392.0 5.553549619090874E-16
393.0 5.618701130540995E-16
394.0 5.684318582730351E-16
395.0 5.750402752305986E-16
396.0 5.8169544076515E-16
397.0 5.883974307716054E-16
398.0 5.951463200346741E-16
399.0 6.019421827450475E-16
400.0 6.087850917773196E-16
401.0 6.156751194257997E-16
402.0 6.226123368469787E-16
403.0 6.295968145023467E-16
404.0 6.366286217657299E-16
405.0 6.437078272844863E-16
406.0 6.508344986697575E-16
407.0 6.580087029120558E-16
408.0 6.652305058361228E-16
409.0 6.724999725175429E-16
410.0 6.798171671975808E-16
411.0 6.871821533370353E-16
412.0 6.945949934307644E-16
413.0 7.020557492512273E-16
414.0 7.09564481514245E-16
415.0 7.171212504692272E-16
416.0 7.247261151196877E-16
417.0 7.32379134066741E-16
418.0 7.400803649216724E-16
419.0 7.478298643544432E-16
420.0 7.556276884540882E-16
421.0 7.634738924822839E-16
422.0 7.713685307193277E-16
423.0 7.793116569894406E-16
424.0 7.87303324145886E-16
425.0 7.95343584282473E-16
426.0 8.034324886845221E-16
427.0 8.115700881587641E-16
428.0 8.197564323348026E-16
429.0 8.279915705386741E-16
430.0 8.362755508664962E-16
431.0 8.446084212940219E-16
432.0 8.529902285156998E-16
433.0 8.614210188407773E-16
434.0 8.69900837693418E-16
435.0 8.78429729900306E-16
436.0 8.870077394077229E-16
437.0 8.956349096908612E-16
438.0 9.04311283529994E-16
439.0 9.130369027165702E-16
440.0 9.218118086472984E-16
441.0 9.306360420366266E-16
442.0 9.395096427380122E-16
443.0 9.484326500483047E-16
444.0 9.574051027779435E-16
445.0 9.66427038701044E-16
446.0 9.75498495298563E-16
447.0 9.846195090806208E-16
448.0 9.937901163423944E-16
449.0 1.0030103523506825E-15
450.0 1.0122802519146385E-15
451.0 1.0215998492661202E-15
452.0 1.0309691778692163E-15
453.0 1.0403882706825984E-15
454.0 1.0498571601010825E-15
455.0 1.0593758777608998E-15
456.0 1.0689444548073063E-15
457.0 1.0785629217669423E-15
458.0 1.0882313086872332E-15
459.0 1.0979496448010705E-15
460.0 1.1077179589372564E-15
461.0 1.117536279321799E-15
462.0 1.1274046335808093E-15
463.0 1.1373230488841972E-15
464.0 1.1472915515985839E-15
465.0 1.1573101677112242E-15
466.0 1.1673789227678408E-15
467.0 1.1774978414460346E-15
468.0 1.1876669482034365E-15
469.0 1.1978862669256814E-15
470.0 1.2081558206340016E-15
471.0 1.2184756321458313E-15
472.0 1.22884572371558E-15
473.0 1.2392661171120562E-15
474.0 1.249736833396207E-15
475.0 1.260257893374993E-15
476.0 1.270829317000521E-15
477.0 1.2814511241328829E-15
478.0 1.2921233337813095E-15
479.0 1.302845964954449E-15
480.0 1.313619035423444E-15
481.0 1.324442563123267E-15
482.0 1.3353165653023657E-15
483.0 1.3462410585993916E-15
484.0 1.3572160594445308E-15
485.0 1.3682415836662445E-15
486.0 1.3793176464904167E-15
487.0 1.3904442629487315E-15
488.0 1.4016214473956743E-15
489.0 1.4128492138364434E-15
490.0 1.4241275758497813E-15
491.0 1.4354565465917271E-15
492.0 1.4468361387149317E-15
493.0 1.4582663644546457E-15
494.0 1.4697472356323122E-15
495.0 1.4812787634874209E-15
496.0 1.4928609592802177E-15
497.0 1.5044938333526855E-15
498.0 1.5161773959027566E-15
499.0 1.5279116564682783E-15
500.0 1.5396966245409344E-15