200.0 1.531442649505999E-17
201.0 1.5766755677774918E-17
202.0 1.62274004464276E-17
203.0 1.6696394073597943E-17
204.0 1.7173768187601253E-17
205.0 1.765955278250953E-17
206.0 1.815377624134978E-17
207.0 1.8656465327930134E-17
208.0 1.916764523188272E-17
209.0 1.9687339551152933E-17
210.0 2.0215570317631184E-17
211.0 2.07523580333779E-17
212.0 2.129772164384257E-17
213.0 2.185167860893537E-17
214.0 2.2414244858574666E-17
215.0 2.2985434866449205E-17
216.0 2.356526162509783E-17
217.0 2.4153736702136282E-17
218.0 2.475087021696434E-17
219.0 2.5356670892350987E-17
220.0 2.5971146059621014E-17
221.0 2.659430167967297E-17
222.0 2.7226142368004165E-17
223.0 2.7866671402693345E-17
224.0 2.8515890753146663E-17
225.0 2.917380110264521E-17
226.0 2.984040186375146E-17
227.0 3.051569118560183E-17
228.0 3.119966601486922E-17
229.0 3.189232206541284E-17
230.0 3.259365387185892E-17
231.0 3.330365480967021E-17
232.0 3.4022317094121436E-17
233.0 3.4749631832643515E-17
234.0 3.548558899786099E-17
235.0 3.623017751954285E-17
236.0 3.698338523100784E-17
237.0 3.774519894041425E-17
238.0 3.8515604432891615E-17
239.0 3.929458648489202E-17
240.0 4.008212889706469E-17
241.0 4.087821452341341E-17
242.0 4.168282526164615E-17
243.0 4.2495942090756284E-17
244.0 4.331754511018766E-17
245.0 4.41476135134355E-17
246.0 4.498612566216632E-17
247.0 4.5833059069381444E-17
248.0 4.6688390422293446E-17
249.0 4.7552095610883034E-17
250.0 4.8424149768239283E-17
251.0 4.9304527228025584E-17
252.0 5.0193201613580006E-17
253.0 5.109014581127188E-17
254.0 5.1995332016109543E-17
255.0 5.2908731713998376E-17
256.0 5.3830315757321984E-17
257.0 5.4760054298395114E-17
258.0 5.569791692636202E-17
259.0 5.664387257515949E-17
260.0 5.759788958127851E-17
261.0 5.855993572532436E-17
262.0 5.952997818401579E-17
263.0 6.050798364852071E-17
264.0 6.149391823660779E-17
265.0 6.24877475724323E-17
266.0 6.348943678197121E-17
267.0 6.449895052824276E-17
268.0 6.551625298462297E-17
269.0 6.654130787580689E-17
270.0 6.757407851328254E-17
271.0 6.861452780296408E-17
272.0 6.966261820062757E-17
273.0 7.071831181900237E-17
274.0 7.178157037584828E-17
275.0 7.285235524354452E-17
276.0 7.393062741642201E-17
277.0 7.50163476067693E-17
278.0 7.610947616557748E-17
279.0 7.72099731635289E-17
280.0 7.831779838805797E-17
281.0 7.943291129046785E-17
282.0 8.055527113344734E-17
283.0 8.168483687388064E-17
284.0 8.282156723786302E-17
285.0 8.39654207319645E-17
286.0 8.511635562860519E-17
287.0 8.627433002720052E-17
288.0 8.743930177882285E-17
289.0 8.861122859007038E-17
290.0 8.979006798141378E-17
291.0 9.097577732286387E-17
292.0 9.216831378946158E-17
293.0 9.336763446874293E-17
294.0 9.457369628916704E-17
295.0 9.57864560460336E-17
296.0 9.70058704469886E-17
297.0 9.823189609296232E-17
298.0 9.946448946688077E-17
299.0 1.0070360697903101E-16
300.0 1.0194920498504125E-16
301.0 1.0320123973531932E-16
302.0 1.0445966745007312E-16
303.0 1.0572444428768514E-16
304.0 1.0699552635114611E-16
305.0 1.0827286974515775E-16
306.0 1.0955643049188986E-16
307.0 1.1084616465924857E-16
308.0 1.1214202825505446E-16
309.0 1.1344397728370935E-16
310.0 1.1475196777341518E-16
311.0 1.160659557614284E-16
312.0 1.1738589728884646E-16
313.0 1.1871174840555315E-16
314.0 1.200434652188111E-16
315.0 1.2138100384430275E-16
316.0 1.2272432046573114E-16
317.0 1.240733712846082E-16
318.0 1.2542811258034952E-16
319.0 1.2678850068161382E-16
320.0 1.281544919703527E-16
321.0 1.2952604289724726E-16
322.0 1.3090311003246843E-16
323.0 1.322856499421783E-16
324.0 1.3367361934308298E-16
325.0 1.3506697501331027E-16
326.0 1.3646567383100812E-16
327.0 1.3786967277806878E-16
328.0 1.3927892894369381E-16
329.0 1.4069339949101719E-16
330.0 1.4211304173315366E-16
331.0 1.4353781306299231E-16
332.0 1.4496767101745985E-16
333.0 1.4640257325598202E-16
334.0 1.4784247757583677E-16
335.0 1.492873418384438E-16
336.0 1.5073712409824391E-16
337.0 1.5219178254235134E-16
338.0 1.536512755187407E-16
339.0 1.551155614341195E-16
340.0 1.565845989117062E-16
341.0 1.5805834671577129E-16
342.0 1.595367637398757E-16
343.0 1.610198090483164E-16
344.0 1.625074418783493E-16
345.0 1.639996215741354E-16
346.0 1.6549630769633863E-16
347.0 1.6699745997006583E-16
348.0 1.6850303820290359E-16
349.0 1.7001300249315084E-16
350.0 1.7152731302394637E-16
351.0 1.730459301748615E-16
352.0 1.7456881453788283E-16
353.0 1.760959267907532E-16
354.0 1.7762722789661411E-16
355.0 1.7916267891985432E-16
356.0 1.8070224115554584E-16
357.0 1.8224587604372868E-16
358.0 1.8379354525725785E-16
359.0 1.8534521060010046E-16
360.0 1.8690083409559376E-16
361.0 1.8846037795784221E-16
362.0 1.9002380457709138E-16
363.0 1.9159107653479104E-16
364.0 1.9316215661908341E-16
365.0 1.9473700781009359E-16
366.0 1.9631559329542783E-16
367.0 1.9789787640876115E-16
368.0 1.9948382073738644E-16
369.0 2.010733900143559E-16
370.0 2.0266654821132853E-16
371.0 2.042632594763803E-16
372.0 2.0586348816503355E-16
373.0 2.074671988402758E-16
374.0 2.0907435625649109E-16
375.0 2.1068492535896177E-16
376.0 2.122988712994837E-16
377.0 2.1391615946869664E-16
378.0 2.1553675541483643E-16
379.0 2.1716062489149748E-16
380.0 2.1878773385723104E-16
381.0 2.2041804850827778E-16
382.0 2.2205153517884187E-16
383.0 2.236881604896848E-16
384.0 2.2532789121487547E-16
385.0 2.2697069433066857E-16
386.0 2.2861653698083016E-16
387.0 2.3026538661159637E-16
388.0 2.319172108189656E-16
389.0 2.335719773811135E-16
390.0 2.3522965430900305E-16
391.0 2.368902097941123E-16
392.0 2.3855361225942586E-16
393.0 2.4021983030660954E-16
394.0 2.4188883278499536E-16
395.0 2.4356058866786637E-16
396.0 2.452350671918608E-16
397.0 2.4691223780383475E-16
398.0 2.4859207008839643E-16
399.0 2.5027453389143975E-16
400.0 2.5195959926619994E-16
401.0 2.536472363816423E-16
402.0 2.553374157199645E-16
403.0 2.570301078949834E-16
404.0 2.587252837230604E-16
405.0 2.6042291424049746E-16
406.0 2.621229706657975E-16
407.0 2.638254244353643E-16
408.0 2.6553024716541264E-16
409.0 2.6723741066916404E-16
410.0 2.6894688697447756E-16
411.0 2.706586482852238E-16
412.0 2.723726669796875E-16
413.0 2.740889157040802E-16
414.0 2.7580736720079445E-16
415.0 2.775279945161955E-16
416.0 2.7925077080899615E-16
417.0 2.8097566942472454E-16
418.0 2.827026639719324E-16
419.0 2.844317281665147E-16
420.0 2.861628359460808E-16
421.0 2.878959614888533E-16
422.0 2.896310790952021E-16
423.0 2.91368163244363E-16
424.0 2.9310718867224016E-16
425.0 2.948481302320723E-16
426.0 2.9659096299166853E-16
427.0 2.98335662252626E-16
428.0 3.0008220338898223E-16
429.0 3.018305620456589E-16
430.0 3.0358071401716176E-16
431.0 3.053326352862703E-16
432.0 3.0708630202278575E-16
433.0 3.0884169052089876E-16
434.0 3.105987773815743E-16
435.0 3.123575392456444E-16
436.0 3.1411795299668915E-16
437.0 3.1587999567783146E-16
438.0 3.17643644573264E-16
439.0 3.194088770201443E-16
440.0 3.2117567061452695E-16
441.0 3.229440030643678E-16
442.0 3.247138523346092E-16
443.0 3.264851965203409E-16
444.0 3.282580138659465E-16
445.0 3.3003228276337363E-16
446.0 3.318079818783969E-16
447.0 3.33585089915477E-16
448.0 3.3536358580753535E-16
449.0 3.3714344867247357E-16
450.0 3.3892465779045947E-16
451.0 3.4070719251584573E-16
452.0 3.4249103246996386E-16
453.0 3.442761574105544E-16
454.0 3.4606254722998256E-16
455.0 3.4785018201921757E-16
456.0 3.496390419351007E-16
457.0 3.5142910744014487E-16
458.0 3.5322035903792953E-16
459.0 3.550127774252691E-16
460.0 3.568063434691352E-16
461.0 3.586010381385684E-16
462.0 3.6039684263677E-16
463.0 3.6219373824385047E-16
464.0 3.639917064268674E-16
465.0 3.657907288163959E-16
466.0 3.675907871601106E-16
467.0 3.693918633209623E-16
468.0 3.711939394573239E-16
469.0 3.7299699768157226E-16
470.0 3.7480102039911077E-16
471.0 3.766059901026728E-16
472.0 3.784118893701863E-16
473.0 3.8021870107012204E-16
474.0 3.8202640806166376E-16
475.0 3.8383499344626573E-16
476.0 3.856444404050363E-16
477.0 3.8745473226649984E-16
478.0 3.8926585255208574E-16
479.0 3.910777848818804E-16
480.0 3.9289051299628543E-16
481.0 3.947040207545043E-16
482.0 3.965182922509928E-16
483.0 3.983333115789386E-16
484.0 4.001490630643541E-16
485.0 4.019655311709807E-16
486.0 4.0378270035612513E-16
487.0 4.056005553781778E-16
488.0 4.0741908105802995E-16
489.0 4.092382623009948E-16
490.0 4.110580841671851E-16
491.0 4.128785319188238E-16
492.0 4.14699590826536E-16
493.0 4.1652124633629974E-16
494.0 4.1834348406881624E-16
495.0 4.2016628964848975E-16
496.0 4.2198964899357135E-16
497.0 4.2381354790123574E-16
498.0 4.2563797255826203E-16
499.0 4.274629090516189E-16
500.0 4.292883437586867E-16