200.0 4.4629246116733175E-18
201.0 4.670181932214624E-18
202.0 4.8848825201475385E-18
203.0 5.107206928823838E-18
204.0 5.3373374932050375E-18
205.0 5.575458296112781E-18
206.0 5.821755129534944E-18
207.0 6.076415461517228E-18
208.0 6.339628399037577E-18
209.0 6.6115846503383636E-18
210.0 6.892476490487276E-18
211.0 7.182497724317737E-18
212.0 7.481843646076562E-18
213.0 7.79071100971229E-18
214.0 8.109297980077607E-18
215.0 8.437804110716008E-18
216.0 8.776430290015005E-18
217.0 9.125378716235524E-18
218.0 9.48485285411877E-18
219.0 9.855057397931972E-18
220.0 1.0236198234699558E-17
221.0 1.0628482407658365E-17
222.0 1.1032118077125885E-17
223.0 1.1447314479634085E-17
224.0 1.1874281903225824E-17
225.0 1.2313231634022529E-17
226.0 1.2764375932026587E-17
227.0 1.3227927986300141E-17
228.0 1.3704101885959637E-17
229.0 1.4193112576870634E-17
230.0 1.4695175828200413E-17
231.0 1.5210508194101293E-17
232.0 1.5739326983000403E-17
233.0 1.62818502240925E-17
234.0 1.6838296619968845E-17
235.0 1.7408885522795455E-17
236.0 1.7993836901941486E-17
237.0 1.8593371292004003E-17
238.0 1.9207709784307893E-17
239.0 1.9837073975689258E-17
240.0 2.048168593401199E-17
241.0 2.114176818655484E-17
242.0 2.1817543663274904E-17
243.0 2.250923567341176E-17
244.0 2.3217067875861735E-17
245.0 2.3941264247492977E-17
246.0 2.4682049054661698E-17
247.0 2.5439646816651326E-17
248.0 2.6214282274590097E-17
249.0 2.7006180376225285E-17
250.0 2.781556622832492E-17
251.0 2.8642665082537946E-17
252.0 2.9487702297197334E-17
253.0 3.035090330142751E-17
254.0 3.1232493607913805E-17
255.0 3.213269873107007E-17
256.0 3.3051744197177485E-17
257.0 3.398985549999166E-17
258.0 3.494725810063646E-17
259.0 3.592417738002121E-17
260.0 3.6920838592386935E-17
261.0 3.793746689966539E-17
262.0 3.897428729539529E-17
263.0 4.003152462184892E-17
264.0 4.1109403504136314E-17
265.0 4.2208148356305234E-17
266.0 4.332798336867602E-17
267.0 4.4469132453853795E-17
268.0 4.5631819247287044E-17
269.0 4.68162670764105E-17
270.0 4.8022698949253985E-17
271.0 4.9251337534291326E-17
272.0 5.0502405140662675E-17
273.0 5.1776123687882265E-17
274.0 5.3072714702288896E-17
275.0 5.4392399281885115E-17
276.0 5.57353980999415E-17
277.0 5.710193136449672E-17
278.0 5.849221883564538E-17
279.0 5.990647976751374E-17
280.0 6.13449329270662E-17
281.0 6.280779654080837E-17
282.0 6.429528832877551E-17
283.0 6.580762545831422E-17
284.0 6.734502450112403E-17
285.0 6.890770149831875E-17
286.0 7.049587187989074E-17
287.0 7.210975047731615E-17
288.0 7.374955151031766E-17
289.0 7.541548855897871E-17
290.0 7.71077745649516E-17
291.0 7.882662183463301E-17
292.0 8.057224198106314E-17
293.0 8.234484598176543E-17
294.0 8.414464408062117E-17
295.0 8.59718458808072E-17
296.0 8.782666023695391E-17
297.0 8.97092953185896E-17
298.0 9.161995854100982E-17
299.0 9.355885661552404E-17
300.0 9.552619550606309E-17
301.0 9.752218041014695E-17
302.0 9.954701575800183E-17
303.0 1.0160090525130149E-16
304.0 1.0368405179947483E-16
305.0 1.0579665752991344E-16
306.0 1.0793892377001312E-16
307.0 1.1011105110039738E-16
308.0 1.123132392576449E-16
309.0 1.1454568714490784E-16
310.0 1.1680859294195173E-16
311.0 1.191021539414744E-16
312.0 1.2142656663759644E-16
313.0 1.237820266993644E-16
314.0 1.2616872896533437E-16
315.0 1.2858686739152789E-16
316.0 1.310366351853491E-16
317.0 1.3351822462693996E-16
318.0 1.3603182720510405E-16
319.0 1.3857763350531833E-16
320.0 1.4115583329003147E-16
321.0 1.4376661548439164E-16
322.0 1.464101681088666E-16
323.0 1.4908667833847042E-16
324.0 1.517963325008403E-16
325.0 1.5453931603356555E-16
326.0 1.5731581350723227E-16
327.0 1.6012600860885948E-16
328.0 1.629700842239647E-16
329.0 1.6584822226599822E-16
330.0 1.6876060382823143E-16
331.0 1.7170740911149473E-16
332.0 1.7468881745134777E-16
333.0 1.7770500730199287E-16
334.0 1.807561562190035E-16
335.0 1.838424409352541E-16
336.0 1.8696403722009682E-16
337.0 1.9012112001797658E-16
338.0 1.9331386343500454E-16
339.0 1.965424405913677E-16
340.0 1.9980702381552343E-16
341.0 2.0310778451312517E-16
342.0 2.0644489325015312E-16
343.0 2.0981851965001951E-16
344.0 2.1322883260235224E-16
345.0 2.1667599993034495E-16
346.0 2.2016018872475939E-16
347.0 2.236815651688063E-16
348.0 2.272402945361407E-16
349.0 2.308365412836616E-16
350.0 2.344704689979452E-16
351.0 2.3814224035682195E-16
352.0 2.418520172456419E-16
353.0 2.4559996054330807E-16
354.0 2.493862304575403E-16
355.0 2.532109862107411E-16
356.0 2.570743862401437E-16
357.0 2.609765880777646E-16
358.0 2.6491774845460486E-16
359.0 2.688980231763302E-16
360.0 2.729175673157121E-16
361.0 2.769765349571515E-16
362.0 2.8107507952348346E-16
363.0 2.852133534506137E-16
364.0 2.893915083626785E-16
365.0 2.9360969516766155E-16
366.0 2.978680638328312E-16
367.0 3.0216676349810215E-16
368.0 3.0650594252585523E-16
369.0 3.108857484574106E-16
370.0 3.153063279906658E-16
371.0 3.197678270301961E-16
372.0 3.242703906906922E-16
373.0 3.288141632245759E-16
374.0 3.3339928809788753E-16
375.0 3.3802590809709783E-16
376.0 3.426941650246419E-16
377.0 3.47404199981524E-16
378.0 3.5215615332159E-16
379.0 3.5695016452136095E-16
380.0 3.6178637234135694E-16
381.0 3.666649148047987E-16
382.0 3.715859289792932E-16
383.0 3.765495514208125E-16
384.0 3.815559177345491E-16
385.0 3.8660516282686453E-16
386.0 3.916974207951344E-16
387.0 3.9683282507495733E-16
388.0 4.020115082993766E-16
389.0 4.072336023590196E-16
390.0 4.124992383749145E-16
391.0 4.1780854670002305E-16
392.0 4.231616571683717E-16
393.0 4.28558698577495E-16
394.0 4.339997992442389E-16
395.0 4.394850865737033E-16
396.0 4.450146873748734E-16
397.0 4.505887278047744E-16
398.0 4.562073330787472E-16
399.0 4.618706279598243E-16
400.0 4.675787363051906E-16
401.0 4.733317813975834E-16
402.0 4.791298857836147E-16
403.0 4.849731714127796E-16
404.0 4.908617593314443E-16
405.0 4.96795770132652E-16
406.0 5.027753235796506E-16
407.0 5.088005388884183E-16
408.0 5.148715345558171E-16
409.0 5.209884282872053E-16
410.0 5.271513373253849E-16
411.0 5.333603782025837E-16
412.0 5.396156666658129E-16
413.0 5.459173180149066E-16
414.0 5.522654467324603E-16
415.0 5.586601667876669E-16
416.0 5.651015914504845E-16
417.0 5.715898333703758E-16
418.0 5.781250045798975E-16
419.0 5.847072164582033E-16
420.0 5.913365798135055E-16
421.0 5.980132048068267E-16
422.0 6.047372009946702E-16
423.0 6.115086772908981E-16
424.0 6.183277420936338E-16
425.0 6.251945031655745E-16
426.0 6.321090675502312E-16
427.0 6.390715419557911E-16
428.0 6.460820322064727E-16
429.0 6.531406438874635E-16
430.0 6.602474816141886E-16
431.0 6.674026497733112E-16
432.0 6.746062519583538E-16
433.0 6.818583912792051E-16
434.0 6.891591702319865E-16
435.0 6.965086909293573E-16
436.0 7.039070546940923E-16
437.0 7.11354362378806E-16
438.0 7.188507144663957E-16
439.0 7.26396210510758E-16
440.0 7.339909498890959E-16
441.0 7.416350312892174E-16
442.0 7.493285528518082E-16
443.0 7.570716123196198E-16
444.0 7.648643066996833E-16
445.0 7.727067326558583E-16
446.0 7.805989862677473E-16
447.0 7.885411630812886E-16
448.0 7.965333581105868E-16
449.0 8.045756660452922E-16
450.0 8.126681808460698E-16
451.0 8.208109959992223E-16
452.0 8.290042047306867E-16
453.0 8.37247899487744E-16
454.0 8.455421723042364E-16
455.0 8.538871149137007E-16
456.0 8.622828181624784E-16
457.0 8.707293730893738E-16
458.0 8.79226869522457E-16
459.0 8.877753971626562E-16
460.0 8.963750454876496E-16
461.0 9.05025902975194E-16
462.0 9.137280580495532E-16
463.0 9.224815985278067E-16
464.0 9.31286611789256E-16
465.0 9.401431847783346E-16
466.0 9.490514038907354E-16
467.0 9.58011355324914E-16
468.0 9.670231245601366E-16
469.0 9.760867968259714E-16
470.0 9.852024568108356E-16
471.0 9.943701887814018E-16
472.0 1.0035900766461149E-15
473.0 1.012862203898474E-15
474.0 1.022186653495796E-15
475.0 1.0315635080441214E-15
476.0 1.0409928497399891E-15
477.0 1.0504747603096187E-15
478.0 1.0600093212632783E-15
479.0 1.0695966133918434E-15
480.0 1.07923671733817E-15
481.0 1.0889297132184836E-15
482.0 1.0986756808160945E-15
483.0 1.1084746995197486E-15
484.0 1.1183268481930778E-15
485.0 1.1282322055721693E-15
486.0 1.1381908496720067E-15
487.0 1.1482028583854022E-15
488.0 1.1582683092895701E-15
489.0 1.1683872792389663E-15
490.0 1.178559844838332E-15
491.0 1.1887860826570465E-15
492.0 1.199066068543227E-15
493.0 1.2093998778951054E-15
494.0 1.219787586226552E-15
495.0 1.2302292679730048E-15
496.0 1.2407249979760086E-15
497.0 1.2512748501382059E-15
498.0 1.2618788984232541E-15
499.0 1.2725372160664621E-15
500.0 1.2832498763002208E-15