200.0 2.060687305728032E-16
201.0 2.1152369518745767E-16
202.0 2.170682288257268E-16
203.0 2.2270269745287913E-16
204.0 2.284274561470975E-16
205.0 2.3424284938591686E-16
206.0 2.401492109557099E-16
207.0 2.461468643492332E-16
208.0 2.5223612250412223E-16
209.0 2.5841728827700606E-16
210.0 2.6469065445642893E-16
211.0 2.7105650380036517E-16
212.0 2.775151091402243E-16
213.0 2.840667337520434E-16
214.0 2.9071163125048756E-16
215.0 2.974500455758617E-16
216.0 3.0428221173475077E-16
217.0 3.112083551700565E-16
218.0 3.1822869238679125E-16
219.0 3.253434308244816E-16
220.0 3.325527693955166E-16
221.0 3.3985689796480067E-16
222.0 3.4725599788199586E-16
223.0 3.5475024232946804E-16
224.0 3.623397959034919E-16
225.0 3.700248150820104E-16
226.0 3.778054484401668E-16
227.0 3.8568183638662864E-16
228.0 3.936541117023402E-16
229.0 4.017223995667993E-16
230.0 4.098868172667004E-16
231.0 4.1814747516202514E-16
232.0 4.265044760454509E-16
233.0 4.349579155515383E-16
234.0 4.4350788221271645E-16
235.0 4.521544579498243E-16
236.0 4.608977175314543E-16
237.0 4.697377292789773E-16
238.0 4.786745547286385E-16
239.0 4.877082493633455E-16
240.0 4.968388620327126E-16
241.0 5.060664355145424E-16
242.0 5.153910064431811E-16
243.0 5.248126054682292E-16
244.0 5.343312577302745E-16
245.0 5.43946982092549E-16
246.0 5.536597919754668E-16
247.0 5.634696957283952E-16
248.0 5.733766955621469E-16
249.0 5.833807890042561E-16
250.0 5.93481967944933E-16
251.0 6.036802195266806E-16
252.0 6.139755257686942E-16
253.0 6.243678637884333E-16
254.0 6.348572059602083E-16
255.0 6.454435199319196E-16
256.0 6.561267690017556E-16
257.0 6.66906911696236E-16
258.0 6.777839024376755E-16
259.0 6.887576909573763E-16
260.0 6.998282233548908E-16
261.0 7.109954411185056E-16
262.0 7.222592819627372E-16
263.0 7.336196798398817E-16
264.0 7.450765646203508E-16
265.0 7.566298624796119E-16
266.0 7.682794962229065E-16
267.0 7.800253845361274E-16
268.0 7.918674432110494E-16
269.0 8.038055842209551E-16
270.0 8.15839716458416E-16
271.0 8.279697456410481E-16
272.0 8.401955739382252E-16
273.0 8.525171007309004E-16
274.0 8.649342225109027E-16
275.0 8.774468326753019E-16
276.0 8.900548217637873E-16
277.0 9.027580775189688E-16
278.0 9.155564850393871E-16
279.0 9.284499266503183E-16
280.0 9.414382823395233E-16
281.0 9.545214294357098E-16
282.0 9.676992429503397E-16
283.0 9.809715953392275E-16
284.0 9.943383568468687E-16
285.0 1.0077993955629034E-15
286.0 1.0213545771697245E-15
287.0 1.0350037656011165E-15
288.0 1.048746822378007E-15
289.0 1.062583607270957E-15
290.0 1.0765139779329352E-15
291.0 1.0905377901510935E-15
292.0 1.1046548981090766E-15
293.0 1.1188651537841386E-15
294.0 1.1331684082954297E-15
295.0 1.1475645098664346E-15
296.0 1.1620533059470624E-15
297.0 1.1766346424974452E-15
298.0 1.1913083634566525E-15
299.0 1.2060743115669309E-15
300.0 1.2209323283063804E-15
301.0 1.2358822536962704E-15
302.0 1.250923925975945E-15
303.0 1.2660571828151387E-15
304.0 1.2812818605329243E-15
305.0 1.2965977935154287E-15
306.0 1.3120048160598632E-15
307.0 1.327502760839565E-15
308.0 1.3430914592868479E-15
309.0 1.3587707422457186E-15
310.0 1.3745404391290758E-15
311.0 1.3904003789536547E-15
312.0 1.4063503896146957E-15
313.0 1.422390297642906E-15
314.0 1.438519929523843E-15
315.0 1.4547391105636557E-15
316.0 1.4710476651648853E-15
317.0 1.4874454172484271E-15
318.0 1.5039321902867829E-15
319.0 1.5205078065160932E-15
320.0 1.537172087899622E-15
321.0 1.553924855607959E-15
322.0 1.5707659307315904E-15
323.0 1.5876951333331007E-15
324.0 1.6047122831578204E-15
325.0 1.6218171993738972E-15
326.0 1.6390097010194884E-15
327.0 1.6562896060158196E-15
328.0 1.673656732768064E-15
329.0 1.6911108988883128E-15
330.0 1.7086519217897423E-15
331.0 1.7262796178102728E-15
332.0 1.743993804610323E-15
333.0 1.7617942983636254E-15
334.0 1.7796809149493212E-15
335.0 1.7976534705797387E-15
336.0 1.8157117810586467E-15
337.0 1.833855662098581E-15
338.0 1.8520849291790094E-15
339.0 1.870399397555436E-15
340.0 1.8887988825864253E-15
341.0 1.907283199431239E-15
342.0 1.9258521635412336E-15
343.0 1.9445055895444006E-15
344.0 1.9632432923747188E-15
345.0 1.982065087622677E-15
346.0 2.0009707900742714E-15
347.0 2.0199602143602876E-15
348.0 2.039033176471298E-15
349.0 2.0581894907649664E-15
350.0 2.0774289729821156E-15
351.0 2.0967514385837838E-15
352.0 2.116156702401363E-15
353.0 2.1356445807016777E-15
354.0 2.1552148887911843E-15
355.0 2.174867442392604E-15
356.0 2.1946020580127496E-15
357.0 2.214418551544494E-15
358.0 2.234316739678782E-15
359.0 2.2542964386679707E-15
360.0 2.274357465578716E-15
361.0 2.294499637038866E-15
362.0 2.314722771054735E-15
363.0 2.335026684651353E-15
364.0 2.3554111958798666E-15
365.0 2.3758761227237026E-15
366.0 2.3964212834669515E-15
367.0 2.41704649707526E-15
368.0 2.4377515822599034E-15
369.0 2.4585363586099795E-15
370.0 2.4794006458421945E-15
371.0 2.5003442632170666E-15
372.0 2.5213670316559065E-15
373.0 2.5424687716298843E-15
374.0 2.5636493043176344E-15
375.0 2.584908451220709E-15
376.0 2.606246033765478E-15
377.0 2.627661874290406E-15
378.0 2.6491557952573724E-15
379.0 2.670727619850593E-15
380.0 2.6923771711728014E-15
381.0 2.7141042730488824E-15
382.0 2.735908750033945E-15
383.0 2.7577904261823575E-15
384.0 2.7797491270978628E-15
385.0 2.8017846782933676E-15
386.0 2.8238969051756034E-15
387.0 2.8460856347166606E-15
388.0 2.8683506933623477E-15
389.0 2.8906919089226315E-15
390.0 2.9131091086660566E-15
391.0 2.9356021212294467E-15
392.0 2.9581707751246242E-15
393.0 2.980814900025908E-15
394.0 3.003534325036687E-15
395.0 3.0263288808573875E-15
396.0 3.0491983978240252E-15
397.0 3.0721427078812562E-15
398.0 3.0951616417085856E-15
399.0 3.1182550320353286E-15
400.0 3.1414227116493957E-15
401.0 3.1646645136095932E-15
402.0 3.1879802719189102E-15
403.0 3.2113698203895E-15
404.0 3.234832994229546E-15
405.0 3.258369628907657E-15
406.0 3.281979559679508E-15
407.0 3.305662623197136E-15
408.0 3.329418656824157E-15
409.0 3.3532474969905823E-15
410.0 3.3771489829339104E-15
411.0 3.4011229524772558E-15
412.0 3.425169244363778E-15
413.0 3.449287698740848E-15
414.0 3.4734781557324843E-15
415.0 3.4977404554220984E-15
416.0 3.522074440020271E-15
417.0 3.5464799507260325E-15
418.0 3.57095683038197E-15
419.0 3.595504920787948E-15
420.0 3.620124066615588E-15
421.0 3.6448141109872636E-15
422.0 3.669574899414308E-15
423.0 3.6944062758261E-15
424.0 3.719308086543044E-15
425.0 3.744280178038722E-15
426.0 3.7693223966724986E-15
427.0 3.794434589689615E-15
428.0 3.819616605223615E-15
429.0 3.84486829204175E-15
430.0 3.870189499025401E-15
431.0 3.89558007541499E-15
432.0 3.921039871061223E-15
433.0 3.946568737728089E-15
434.0 3.972166525704522E-15
435.0 3.997833087182716E-15
436.0 4.0235682746935626E-15
437.0 4.049371940565406E-15
438.0 4.075243939037858E-15
439.0 4.101184124141274E-15
440.0 4.12719235021381E-15
441.0 4.153268472161282E-15
442.0 4.17941234599459E-15
443.0 4.205623828018797E-15
444.0 4.231902775369362E-15
445.0 4.258249044914667E-15
446.0 4.2846624948872805E-15
447.0 4.311142983512035E-15
448.0 4.337690370377797E-15
449.0 4.364304514497048E-15
450.0 4.390985276796624E-15
451.0 4.41773251733021E-15
452.0 4.4445460977828795E-15
453.0 4.4714258795054806E-15
454.0 4.498371725481054E-15
455.0 4.525383498058666E-15
456.0 4.552461061788209E-15
457.0 4.579604279136066E-15
458.0 4.606813015621877E-15
459.0 4.634087136096748E-15
460.0 4.6614265061681E-15
461.0 4.6888309919065056E-15
462.0 4.716300460717171E-15
463.0 4.743834779292385E-15
464.0 4.7714338153524114E-15
465.0 4.799097437649108E-15
466.0 4.826825514781493E-15
467.0 4.854617916071989E-15
468.0 4.88247451126542E-15
469.0 4.910395171422327E-15
470.0 4.93837976711982E-15
471.0 4.966428170242216E-15
472.0 4.994540252168927E-15
473.0 5.022715886186865E-15
474.0 5.0509549450648464E-15
475.0 5.0792573028696986E-15
476.0 5.107622832512892E-15
477.0 5.136051410347374E-15
478.0 5.164542910016486E-15
479.0 5.193097207677843E-15
480.0 5.2217141801607985E-15
481.0 5.250393703398683E-15
482.0 5.2791356549119245E-15
483.0 5.3079399125606386E-15
484.0 5.336806354220138E-15
485.0 5.365734859036356E-15
486.0 5.394725305523588E-15
487.0 5.4237775744144715E-15
488.0 5.452891545479116E-15
489.0 5.4820670991028215E-15
490.0 5.511304116605399E-15
491.0 5.540602480243194E-15
492.0 5.569962071912411E-15
493.0 5.599382774107053E-15
494.0 5.628864470242205E-15
495.0 5.65840704400029E-15
496.0 5.688010379322206E-15
497.0 5.717674360728528E-15
498.0 5.747398874308754E-15
499.0 5.777183804745357E-15
500.0 5.807029037610062E-15