200.0 3.545724414776474E-36
201.0 4.5556920900069594E-36
202.0 5.838767177599762E-36
203.0 7.464855203070951E-36
204.0 9.52074131120458E-36
205.0 1.2113919771443879E-35
206.0 1.5377235873383558E-35
207.0 1.9474500428437295E-35
208.0 2.4607266206330853E-35
209.0 3.1022989722729173E-35
210.0 3.902484124780407E-35
211.0 4.898347201194356E-35
212.0 6.135110082260175E-35
213.0 7.667834407750631E-35
214.0 9.563428427951917E-35
215.0 1.1903035463266546E-34
216.0 1.478487116127772E-34
217.0 1.832758761231508E-34
218.0 2.267425485173407E-34
219.0 2.799706460268074E-34
220.0 3.450287725110074E-34
221.0 4.243975187934881E-34
222.0 5.210462022303946E-34
223.0 6.385228957057887E-34
224.0 7.810598693397476E-34
225.0 9.536968799498633E-34
226.0 1.1624250933074512E-33
227.0 1.4143548189721825E-33
228.0 1.717910692641778E-33
229.0 2.0830584324316678E-33
230.0 2.521567877912775E-33
231.0 3.047317649299913E-33
232.0 3.6766474739086095E-33
233.0 4.4287650474727814E-33
234.0 5.326215166465563E-33
235.0 6.39541990161115E-33
236.0 7.667299652750851E-33
237.0 9.177986230914139E-33
238.0 1.0969640425354898E-32
239.0 1.309138811853438E-32
240.0 1.5600390665082867E-32
241.0 1.8563067160558318E-32
242.0 2.205648832858388E-32
243.0 2.6169964057925446E-32
244.0 3.1006849143775184E-32
245.0 3.668659465048351E-32
246.0 4.3347075378022183E-32
247.0 5.114722741199929E-32
248.0 6.027003319017729E-32
249.0 7.092589617408112E-32
250.0 8.335645107349978E-32
251.0 9.783886107330615E-32
252.0 1.1469065851541453E-31
253.0 1.3427519155524796E-31
254.0 1.570077459162995E-31
255.0 1.833624173636448E-31
256.0 2.1387981886413207E-31
257.0 2.491757140270654E-31
258.0 2.899506780760702E-31
259.0 3.370008969891956E-31
260.0 3.912302260987957E-31
261.0 4.536636413359912E-31
262.0 5.254622286035016E-31
263.0 6.079398700273304E-31
264.0 7.025818003304227E-31
265.0 8.110652235342805E-31
266.0 9.352821953937182E-31
267.0 1.0773649963593646E-30
268.0 1.2397142399491198E-30
269.0 1.4250299798517737E-30
270.0 1.6363461087716734E-30
271.0 1.8770683537297866E-30
272.0 2.151016215260406E-30
273.0 2.462469213018737E-30
274.0 2.816217830922599E-30
275.0 3.2176196032001295E-30
276.0 3.672660787701832E-30
277.0 4.1880241435092445E-30
278.0 4.771163339446425E-30
279.0 5.430384583412905E-30
280.0 6.174936094273122E-30
281.0 7.015106086180686E-30
282.0 7.962329997305155E-30
283.0 9.029307733671189E-30
284.0 1.0230131761818829E-29
285.0 1.1580426949877211E-29
286.0 1.3097503108537088E-29
287.0 1.48005212720516E-29
288.0 1.6710674788815822E-29
289.0 1.8851386436610391E-29
290.0 2.1248522775385157E-29
291.0 2.393062712221945E-29
292.0 2.692917251270624E-29
293.0 3.027883626385449E-29
294.0 3.401779768428886E-29
295.0 3.818806066953662E-29
296.0 4.283580309110953E-29
297.0 4.8011754853864457E-29
298.0 5.377160673206107E-29
299.0 6.017645221066759E-29
300.0 6.72932646527013E-29
301.0 7.519541229908664E-29
302.0 8.396321366714049E-29
303.0 9.368453627800582E-29
304.0 1.0445544151925647E-28
305.0 1.1638087881506883E-28
306.0 1.2957543253599241E-28
307.0 1.4416412491118763E-28
308.0 1.602832786984697E-28
309.0 1.7808144382670915E-28
310.0 1.9772039151959697E-28
311.0 2.193761807873861E-28
312.0 2.4324030141154492E-28
313.0 2.6952089864474124E-28
314.0 2.984440842682546E-28
315.0 3.30255339785704E-28
316.0 3.6522101659590597E-28
317.0 4.036299399475089E-28
318.0 4.457951224326459E-28
319.0 4.920555925948759E-28
320.0 5.427783478169232E-28
321.0 5.983604353244882E-28
322.0 6.592311720426759E-28
323.0 7.258545086275425E-28
324.0 7.98731547017928E-28
325.0 8.784032201979533E-28
326.0 9.654531425141907E-28
327.0 1.0605106399478465E-27
328.0 1.1642539713018822E-27
329.0 1.277413747632793E-27
330.0 1.4007765651493361E-27
331.0 1.5351888570872932E-27
332.0 1.6815609822254703E-27
333.0 1.840871555399681E-27
334.0 2.0141720398392076E-27
335.0 2.202591608077199E-27
336.0 2.4073422887852062E-27
337.0 2.6297244134357928E-27
338.0 2.8711323748184386E-27
339.0 3.1330607161441518E-27
340.0 3.417110566319333E-27
341.0 3.7249964341384595E-27
342.0 4.0585533828178316E-27
343.0 4.419744601651254E-27
344.0 4.810669391524511E-27
345.0 5.2335715873790604E-27
346.0 5.690848429267495E-27
347.0 6.185059914834347E-27
348.0 6.718938644085227E-27
349.0 7.295400181185253E-27
350.0 7.917553961463721E-27
351.0 8.5887147566159E-27
352.0 9.312414735187876E-27
353.0 1.0092416136265427E-26
354.0 1.0932724571713644E-26
355.0 1.1837603016348673E-26
356.0 1.2811586477301838E-26
357.0 1.3859497386490436E-26
358.0 1.4986461752273723E-26
359.0 1.6197926098316562E-26
360.0 1.7499675203280345E-26
361.0 1.8897850692406688E-26
362.0 2.0398970524504918E-26
363.0 2.200994937352123E-26
364.0 2.3738119963227242E-26
365.0 2.5591255400207227E-26
366.0 2.757759250832121E-26
367.0 2.970585626480026E-26
368.0 3.198528528265611E-26
369.0 3.442565847408661E-26
370.0 3.7037322885721077E-26
371.0 3.983122276265419E-26
372.0 4.281892987340824E-26
373.0 4.601267516082266E-26
374.0 4.9425381737264016E-26
375.0 5.30706993032068E-26
376.0 5.696304002913232E-26
377.0 6.111761589272754E-26
378.0 6.555047766023782E-26
379.0 7.027855538219227E-26
380.0 7.531970061579035E-26
381.0 8.069273034323129E-26
382.0 8.641747264896948E-26
383.0 9.251481424136156E-26
384.0 9.90067498559674E-26
385.0 1.0591643361283697E-25
386.0 1.1326823234165514E-25
387.0 1.2108778106146548E-25
388.0 1.2940204047237384E-25
389.0 1.382393567992976E-25
390.0 1.4762952369717128E-25
391.0 1.5760384668142204E-25
392.0 1.6819520982117365E-25
393.0 1.7943814502279376E-25
394.0 1.9136890370042755E-25
395.0 2.0402553117219468E-25
396.0 2.174479437567109E-25
397.0 2.316780085143316E-25
398.0 2.4675962590358306E-25
399.0 2.6273881541443713E-25
400.0 2.7966380402253277E-25
401.0 2.9758511795352765E-25
402.0 3.16555677384907E-25
403.0 3.366308944466765E-25
404.0 3.57868774638526E-25
405.0 3.8033002168261468E-25
406.0 4.040781455331289E-25
407.0 4.291795745404993E-25
408.0 4.5570377077196125E-25
409.0 4.837233492884103E-25
410.0 5.13314201493482E-25
411.0 5.445556221662132E-25
412.0 5.775304402677387E-25
413.0 6.123251550873323E-25
414.0 6.490300747357844E-25
415.0 6.877394609186415E-25
416.0 7.285516767745732E-25
417.0 7.715693399189742E-25
418.0 8.16899480030106E-25
419.0 8.646537006726276E-25
420.0 9.149483473834872E-25
421.0 9.679046784850011E-25
422.0 1.0236490435742907E-24
423.0 1.082313064654942E-24
424.0 1.1440338244493477E-24
425.0 1.2089540596276074E-24
426.0 1.277222358488273E-24
427.0 1.348993365783261E-24
428.0 1.4244279925652228E-24
429.0 1.503693631663601E-24
430.0 1.5869643794613903E-24
431.0 1.674421263784969E-24
432.0 1.766252477795337E-24
433.0 1.8626536206600532E-24
434.0 1.9638279434827E-24
435.0 2.0699866034350836E-24
436.0 2.1813489238436877E-24
437.0 2.2981426601897783E-24
438.0 2.4206042743613073E-24
439.0 2.548979215634594E-24
440.0 2.6835222080140473E-24
441.0 2.8244975468788737E-24
442.0 2.9721793992448515E-24
443.0 3.1268521170881578E-24
444.0 3.2888105531630366E-24
445.0 3.458360386834378E-24
446.0 3.635818459298847E-24
447.0 3.8215131139078665E-24
448.0 4.015784546797338E-24
449.0 4.2189851655173274E-24
450.0 4.4314799550778725E-24
451.0 4.653646853840119E-24
452.0 4.8858771376714884E-24
453.0 5.1285758129655425E-24
454.0 5.3821620183182464E-24
455.0 5.647069435239298E-24
456.0 5.923746709879221E-24
457.0 6.212657882208523E-24
458.0 6.514282824531462E-24
459.0 6.829117691144599E-24
460.0 7.157675377558611E-24
461.0 7.500485986973432E-24
462.0 7.858097313511468E-24
463.0 8.231075325195782E-24
464.0 8.620004668868617E-24
465.0 9.025489175510931E-24
466.0 9.448152381868041E-24
467.0 9.888638065643457E-24
468.0 1.034761077935501E-23
469.0 1.0825756411474518E-23
470.0 1.1323782743732487E-23
471.0 1.1842420030055917E-23
472.0 1.2382421584932026E-23
473.0 1.2944564375859023E-23
474.0 1.3529649637348094E-23
475.0 1.4138503494468392E-23
476.0 1.4771977590752865E-23
477.0 1.5430949737762197E-23
478.0 1.6116324572113395E-23
479.0 1.6829034225598393E-23
480.0 1.7570039005634374E-23
481.0 1.8340328095400725E-23
482.0 1.9140920253169602E-23
483.0 1.9972864544789855E-23
484.0 2.083724106380159E-23
485.0 2.17351616881096E-23
486.0 2.2667770835116307E-23
487.0 2.3636246237282827E-23
488.0 2.4641799721621357E-23
489.0 2.5685678020587227E-23
490.0 2.676916357747034E-23
491.0 2.7893575374837506E-23
492.0 2.906026978226835E-23
493.0 3.027064140030006E-23
494.0 3.152612394313061E-23
495.0 3.2828191100814704E-23
496.0 3.417835746988078E-23
497.0 3.55781794324841E-23
498.0 3.702925611015517E-23
499.0 3.8533230281213456E-23
500.0 4.009178935536599E-23