200.0 9.269392648899959E-17
201.0 9.605456318725521E-17
202.0 9.950530200926958E-17
203.0 1.0304762334151386E-16
204.0 1.0668301284558043E-16
205.0 1.1041296136788205E-16
206.0 1.1423896455203264E-16
207.0 1.1816252290830368E-16
208.0 1.2218514130900845E-16
209.0 1.2630832920844854E-16
210.0 1.3053360006378494E-16
211.0 1.348624714567411E-16
212.0 1.392964647433807E-16
213.0 1.438371050044247E-16
214.0 1.484859208202114E-16
215.0 1.5324444399724305E-16
216.0 1.5811420969974182E-16
217.0 1.630967560292598E-16
218.0 1.6819362385046084E-16
219.0 1.7340635691324615E-16
220.0 1.787365014164242E-16
221.0 1.8418560600544996E-16
222.0 1.8975522150276656E-16
223.0 1.9544690104876106E-16
224.0 2.0126219954229816E-16
225.0 2.0720267383734781E-16
226.0 2.1326988253477413E-16
227.0 2.1946538568148292E-16
228.0 2.2579074481640094E-16
229.0 2.322475229298396E-16
230.0 2.3883728393114277E-16
231.0 2.4556159306540757E-16
232.0 2.5242201635124167E-16
233.0 2.5942012075435264E-16
234.0 2.6655747381811385E-16
235.0 2.7383564386183955E-16
236.0 2.8125619954204076E-16
237.0 2.8882070996392406E-16
238.0 2.965307443977588E-16
239.0 3.0438787255760266E-16
240.0 3.123936639636313E-16
241.0 3.2054968811103337E-16
242.0 3.2885751467875468E-16
243.0 3.3731871258576344E-16
244.0 3.4593485109265143E-16
245.0 3.5470749852986413E-16
246.0 3.6363822290772005E-16
247.0 3.7272859179873737E-16
248.0 3.819801718191158E-16
249.0 3.9139452913939447E-16
250.0 4.0097322892249987E-16
251.0 4.1071783540662663E-16
252.0 4.2062991210691585E-16
253.0 4.3071102107617683E-16
254.0 4.4096272362988505E-16
255.0 4.513865795461012E-16
256.0 4.619841476278757E-16
257.0 4.727569852357707E-16
258.0 4.837066482039698E-16
259.0 4.948346910309107E-16
260.0 5.061426668224229E-16
261.0 5.176321266675957E-16
262.0 5.293046204585294E-16
263.0 5.411616961014852E-16
264.0 5.532048999676757E-16
265.0 5.654357764242987E-16
266.0 5.778558681303038E-16
267.0 5.904667154849615E-16
268.0 6.032698575724003E-16
269.0 6.162668306538487E-16
270.0 6.29459169577901E-16
271.0 6.428484068337896E-16
272.0 6.564360726844277E-16
273.0 6.702236953208335E-16
274.0 6.842128005375297E-16
275.0 6.984049123263441E-16
276.0 7.128015517595616E-16
277.0 7.274042379466187E-16
278.0 7.422144871814228E-16
279.0 7.572338138752799E-16
280.0 7.724637297697846E-16
281.0 7.879057440387082E-16
282.0 8.035613633238399E-16
283.0 8.194320917790122E-16
284.0 8.355194310381761E-16
285.0 8.518248799269898E-16
286.0 8.68349934846971E-16
287.0 8.850960894048643E-16
288.0 9.020648344587243E-16
289.0 9.1925765862853E-16
290.0 9.366760468200599E-16
291.0 9.543214822813173E-16
292.0 9.721954447496322E-16
293.0 9.902994112385393E-16
294.0 1.0086348564102913E-15
295.0 1.0272032514863877E-15
296.0 1.0460060650880632E-15
297.0 1.0650447631282742E-15
298.0 1.0843208083824593E-15
299.0 1.10383566065838E-15
300.0 1.1235907769841903E-15
301.0 1.1435876115972305E-15
302.0 1.1638276154913139E-15
303.0 1.184312236599062E-15
304.0 1.2050429204476531E-15
305.0 1.226021109027871E-15
306.0 1.247248241554417E-15
307.0 1.2687257539901955E-15
308.0 1.2904550796129617E-15
309.0 1.312437648535161E-15
310.0 1.3346748878016799E-15
311.0 1.357168221122166E-15
312.0 1.3799190699781086E-15
313.0 1.4029288517368811E-15
314.0 1.4261989815199194E-15
315.0 1.4497308707936896E-15
316.0 1.4735259283875185E-15
317.0 1.4975855598336968E-15
318.0 1.5219111678903916E-15
319.0 1.5465041514386922E-15
320.0 1.5713659071102992E-15
321.0 1.596497827763914E-15
322.0 1.6219013038758933E-15
323.0 1.6475777222607563E-15
324.0 1.6735284669147422E-15
325.0 1.699754918425682E-15
326.0 1.726258454553084E-15
327.0 1.7530404494693819E-15
328.0 1.7801022754346027E-15
329.0 1.807445300185463E-15
330.0 1.835070889072854E-15
331.0 1.8629804041322933E-15
332.0 1.8911752048817152E-15
333.0 1.9196566468636073E-15
334.0 1.9484260829247084E-15
335.0 1.977484862728158E-15
336.0 2.0068343330862506E-15
337.0 2.0364758376240987E-15
338.0 2.066410716769611E-15
339.0 2.096640307743391E-15
340.0 2.1271659447276652E-15
341.0 2.157988959410276E-15
342.0 2.1891106795470945E-15
343.0 2.2205324305801936E-15
344.0 2.2522555341771546E-15
345.0 2.2842813097069597E-15
346.0 2.316611072937554E-15
347.0 2.3492461361969067E-15
348.0 2.3821878101168017E-15
349.0 2.415437401126874E-15
350.0 2.4489962131939748E-15
351.0 2.4828655470416115E-15
352.0 2.517046700342161E-15
353.0 2.5515409679219904E-15
354.0 2.5863496417701944E-15
355.0 2.6214740099886132E-15
356.0 2.6569153586701358E-15
357.0 2.692674970870771E-15
358.0 2.7287541259509514E-15
359.0 2.7651541013048403E-15
360.0 2.801876170628738E-15
361.0 2.838921604559312E-15
362.0 2.8762916715807393E-15
363.0 2.9139876364559204E-15
364.0 2.95201076134959E-15
365.0 2.9903623058470997E-15
366.0 3.0290435257867414E-15
367.0 3.0680556753761494E-15
368.0 3.1074000048376327E-15
369.0 3.147077761332537E-15
370.0 3.187090190931057E-15
371.0 3.2255983534223718E-15
372.0 3.264130294981821E-15
373.0 3.3029594716959397E-15
374.0 3.342086811470365E-15
375.0 3.3815132405620794E-15
376.0 3.4212396820589033E-15
377.0 3.461267056907399E-15
378.0 3.5015962836683127E-15
379.0 3.5422282782579793E-15
380.0 3.5831639544859495E-15
381.0 3.624404223802851E-15
382.0 3.665949994207935E-15
383.0 3.707802173817751E-15
384.0 3.749961665382022E-15
385.0 3.792429372089525E-15
386.0 3.835206192283521E-15
387.0 3.878293024243902E-15
388.0 3.921690761654504E-15
389.0 3.96540029877221E-15
390.0 4.009422524660869E-15
391.0 4.053758328721122E-15
392.0 4.098408596311144E-15
393.0 4.143374210792678E-15
394.0 4.1886560544629045E-15
395.0 4.2342550058428786E-15
396.0 4.2801719424077304E-15
397.0 4.326407739391418E-15
398.0 4.372963269475266E-15
399.0 4.419839403413826E-15
400.0 4.467037009089871E-15
401.0 4.514556953428252E-15
402.0 4.562400101148351E-15
403.0 4.61056731378225E-15
404.0 4.659059451951904E-15
405.0 4.707877373423431E-15
406.0 4.757021934089688E-15
407.0 4.806493987984646E-15
408.0 4.856294387297097E-15
409.0 4.9064239820406016E-15
410.0 4.956883619706859E-15
411.0 5.007674146649537E-15
412.0 5.0587964060118245E-15
413.0 5.110251240878097E-15
414.0 5.162039490064227E-15
415.0 5.214161992357505E-15
416.0 5.266619584056123E-15
417.0 5.319413098221925E-15
418.0 5.372543368691035E-15
419.0 5.426011224983314E-15
420.0 5.479817495583606E-15
421.0 5.533963007603556E-15
422.0 5.588448584527877E-15
423.0 5.643275050745273E-15
424.0 5.69844322587651E-15
425.0 5.753953930883083E-15
426.0 5.809807981542204E-15
427.0 5.8660061942373E-15
428.0 5.922549382481847E-15
429.0 5.979438358084638E-15
430.0 6.036673931963679E-15
431.0 6.094256911751227E-15
432.0 6.152188104602837E-15
433.0 6.210468315192793E-15
434.0 6.269098346935782E-15
435.0 6.328079000757777E-15
436.0 6.387411076754808E-15
437.0 6.447095373383666E-15
438.0 6.507132686191187E-15
439.0 6.567523810779697E-15
440.0 6.6282695389855675E-15
441.0 6.689370662725836E-15
442.0 6.7508279723126274E-15
443.0 6.812642254695485E-15
444.0 6.874814296959041E-15
445.0 6.937344883260142E-15
446.0 7.000234797038131E-15
447.0 7.0634848192382515E-15
448.0 7.127095731023225E-15
449.0 7.19106830924722E-15
450.0 7.255403331916242E-15
451.0 7.320101573631007E-15
452.0 7.38516380834065E-15
453.0 7.450590807963108E-15
454.0 7.516383342373408E-15
455.0 7.582542180825496E-15
456.0 7.649068091987229E-15
457.0 7.715961840101738E-15
458.0 7.78322419074421E-15
459.0 7.850855906014621E-15
460.0 7.918857748426615E-15
461.0 7.987230476502064E-15
462.0 8.055974850194287E-15
463.0 8.125091624947271E-15
464.0 8.194581558185528E-15
465.0 8.264445403312353E-15
466.0 8.334683911682932E-15
467.0 8.40529783620218E-15
468.0 8.476287925710359E-15
469.0 8.547654928561507E-15
470.0 8.619399593182659E-15
471.0 8.691522664419925E-15
472.0 8.764024884538284E-15
473.0 8.836906999618092E-15
474.0 8.910169748939138E-15
475.0 8.983813873493576E-15
476.0 9.057840110628205E-15
477.0 9.13224920001697E-15
478.0 9.207041875492003E-15
479.0 9.282218872689062E-15
480.0 9.357780925234095E-15
481.0 9.433728764162913E-15
482.0 9.51006312128136E-15
483.0 9.58678472524731E-15
484.0 9.663894304381333E-15
485.0 9.741392585547046E-15
486.0 9.819280293570244E-15
487.0 9.897558154716361E-15
488.0 9.976226888567163E-15
489.0 1.0055287220246803E-14
490.0 1.0134739868170594E-14
491.0 1.0214585551046221E-14
492.0 1.0294824988522621E-14
493.0 1.0375458896428627E-14
494.0 1.0456487990342452E-14
495.0 1.0537912984402164E-14
496.0 1.0619734590688643E-14
497.0 1.0701953522291729E-14
498.0 1.078457049027201E-14
499.0 1.0867586202390332E-14
500.0 1.0951001367447433E-14