200.0 8.611483874605415E-17
201.0 8.892205603904777E-17
202.0 9.179182566787344E-17
203.0 9.472477847646331E-17
204.0 9.772153868443005E-17
205.0 1.0078272369423758E-16
206.0 1.0390894404464193E-16
207.0 1.0710080341932486E-16
208.0 1.1035889842979232E-16
209.0 1.1368381867609286E-16
210.0 1.170761466721685E-16
211.0 1.20536457691055E-16
212.0 1.240653198848572E-16
213.0 1.2766329405666022E-16
214.0 1.3133093381411498E-16
215.0 1.3506878528765196E-16
216.0 1.388773873886557E-16
217.0 1.427572715856435E-16
218.0 1.4670896181011277E-16
219.0 1.5073297475204432E-16
220.0 1.5482981951704005E-16
221.0 1.5899999775709016E-16
222.0 1.6324400365672004E-16
223.0 1.6756232400807506E-16
224.0 1.7195543796964101E-16
225.0 1.7642381724636295E-16
226.0 1.8096792618254903E-16
227.0 1.8558822147025184E-16
228.0 1.902851524205462E-16
229.0 1.9505916097872423E-16
230.0 1.999106814427468E-16
231.0 2.0484014093592106E-16
232.0 2.09847958927266E-16
233.0 2.149345477243383E-16
234.0 2.2010031210918052E-16
235.0 2.253456496442287E-16
236.0 2.3067095056581565E-16
237.0 2.360765978062011E-16
238.0 2.4156296704601423E-16
239.0 2.471304269194341E-16
240.0 2.5277933872698534E-16
241.0 2.5851005663607397E-16
242.0 2.643229279023777E-16
243.0 2.702182925386921E-16
244.0 2.7619648372300456E-16
245.0 2.822578276208295E-16
246.0 2.8840264331879313E-16
247.0 2.9463124339817044E-16
248.0 3.0094393331288413E-16
249.0 3.073410119007123E-16
250.0 3.138227712250176E-16
251.0 3.2038949672491104E-16
252.0 3.2704146730234283E-16
253.0 3.3377895518639606E-16
254.0 3.4060222616398423E-16
255.0 3.4751153955584007E-16
256.0 3.5450714826475996E-16
257.0 3.6158929906607497E-16
258.0 3.687582322655448E-16
259.0 3.760141819434929E-16
260.0 3.8335737621815483E-16
261.0 3.9078803688469056E-16
262.0 3.9830637988682954E-16
263.0 4.059126151198298E-16
264.0 4.1360694656898684E-16
265.0 4.2138957241041617E-16
266.0 4.292606850694522E-16
267.0 4.372204710441768E-16
268.0 4.452691114704774E-16
269.0 4.534067816204823E-16
270.0 4.616336514297614E-16
271.0 4.699498852204152E-16
272.0 4.783556419493444E-16
273.0 4.868510752683612E-16
274.0 4.954363334803398E-16
275.0 5.041115598017692E-16
276.0 5.128768921625477E-16
277.0 5.217324633077944E-16
278.0 5.306784011771121E-16
279.0 5.397148285884967E-16
280.0 5.48841863509348E-16
281.0 5.580596191167445E-16
282.0 5.673682037418591E-16
283.0 5.767677210386399E-16
284.0 5.862582698056919E-16
285.0 5.958399445688243E-16
286.0 6.0551283505030175E-16
287.0 6.152770268214897E-16
288.0 6.251326006934995E-16
289.0 6.350796333169121E-16
290.0 6.451181970568315E-16
291.0 6.552483599180441E-16
292.0 6.654701858521408E-16
293.0 6.757837348182079E-16
294.0 6.861890625751581E-16
295.0 6.966862208607348E-16
296.0 7.072752574421973E-16
297.0 7.179562165128182E-16
298.0 7.287291381300635E-16
299.0 7.395940587444765E-16
300.0 7.505510111160088E-16
301.0 7.616000242924428E-16
302.0 7.727411237289402E-16
303.0 7.839743314858565E-16
304.0 7.952996659855995E-16
305.0 8.067171422798489E-16
306.0 8.182267721008009E-16
307.0 8.298285639892173E-16
308.0 8.415225227999229E-16
309.0 8.533086505967144E-16
310.0 8.651869461613062E-16
311.0 8.771574051132251E-16
312.0 8.892200201973778E-16
313.0 9.013747807603726E-16
314.0 9.136216737754484E-16
315.0 9.259606828209193E-16
316.0 9.383917889494579E-16
317.0 9.509149700599069E-16
318.0 9.635302017907449E-16
319.0 9.762374566219508E-16
320.0 9.890367046026764E-16
321.0 1.0019279131353342E-15
322.0 1.0149110471952295E-15
323.0 1.0279860688297429E-15
324.0 1.041152938007302E-15
325.0 1.0544116123967681E-15
326.0 1.0677620465667859E-15
327.0 1.0812041934117186E-15
328.0 1.0947380034557694E-15
329.0 1.108363424693224E-15
330.0 1.1220804031970495E-15
331.0 1.1358888824799683E-15
332.0 1.149788804405723E-15
333.0 1.1637801085450884E-15
334.0 1.177862732403155E-15
335.0 1.192036611248692E-15
336.0 1.2063016788582644E-15
337.0 1.2206578667401218E-15
338.0 1.2351051047803612E-15
339.0 1.249643320547255E-15
340.0 1.264272440368912E-15
341.0 1.2789923883144406E-15
342.0 1.2938030870717084E-15
343.0 1.3087044574464392E-15
344.0 1.3236964184949187E-15
345.0 1.3387788877727645E-15
346.0 1.3539517813698709E-15
347.0 1.3692150133789124E-15
348.0 1.3845684968182037E-15
349.0 1.4000121429885558E-15
350.0 1.4155458617234335E-15
351.0 1.4311695615327672E-15
352.0 1.4468831495161413E-15
353.0 1.4626865310320197E-15
354.0 1.4785796106666134E-15
355.0 1.4945622911955851E-15
356.0 1.5106344745621343E-15
357.0 1.5267960613061054E-15
358.0 1.5430469504581036E-15
359.0 1.5593870401746448E-15
360.0 1.575816227522765E-15
361.0 1.5923344077467302E-15
362.0 1.6089414761757106E-15
363.0 1.625637326108546E-15
364.0 1.6424218500927462E-15
365.0 1.6592949394359137E-15
366.0 1.6762564847440355E-15
367.0 1.6933063758209464E-15
368.0 1.710444500895175E-15
369.0 1.7276707478247545E-15
370.0 1.7449850033259016E-15
371.0 1.7623871529830903E-15
372.0 1.7798770820818447E-15
373.0 1.797454674956332E-15
374.0 1.815119814585295E-15
375.0 1.832872383711425E-15
376.0 1.8507122643137944E-15
377.0 1.868639337340502E-15
378.0 1.886653483001238E-15
379.0 1.904754581359653E-15
380.0 1.9229425110625092E-15
381.0 1.94121715049858E-15
382.0 1.9595783773865784E-15
383.0 1.9780260689372113E-15
384.0 1.9965601015734007E-15
385.0 2.015180351088365E-15
386.0 2.0338866929603325E-15
387.0 2.0526790017662105E-15
388.0 2.071557151795611E-15
389.0 2.0905210173802416E-15
390.0 2.1095704709083457E-15
391.0 2.1287053859120588E-15
392.0 2.147925634461575E-15
393.0 2.1672310884094372E-15
394.0 2.186621619409663E-15
395.0 2.20609709861617E-15
396.0 2.22565739652988E-15
397.0 2.2453023838123068E-15
398.0 2.2650319300077767E-15
399.0 2.2848459053364354E-15
400.0 2.304744178588503E-15
401.0 2.3247266187625305E-15
402.0 2.3447930952587596E-15
403.0 2.3649434755543474E-15
404.0 2.385177628717812E-15
405.0 2.405495422068661E-15
406.0 2.4258967233684203E-15
407.0 2.4463813999883973E-15
408.0 2.466949319606936E-15
409.0 2.487600348489165E-15
410.0 2.5083343539153974E-15
411.0 2.529151202813065E-15
412.0 2.5500507610492145E-15
413.0 2.5710328953755595E-15
414.0 2.5920974714912427E-15
415.0 2.613244356009851E-15
416.0 2.6344734143173637E-15
417.0 2.6557845127386015E-15
418.0 2.6771775171045593E-15
419.0 2.6986522920085307E-15
420.0 2.7202087041231747E-15
421.0 2.741846618158544E-15
422.0 2.763565900007192E-15
423.0 2.7853664148962955E-15
424.0 2.807248027945472E-15
425.0 2.829210604933996E-15
426.0 2.8512540105972994E-15
427.0 2.8733781103408874E-15
428.0 2.8955827696816724E-15
429.0 2.9178678536706276E-15
430.0 2.940233227864882E-15
431.0 2.9626787571626883E-15
432.0 2.985204307176482E-15
433.0 3.0078097430600347E-15
434.0 3.0304949303001477E-15
435.0 3.053259734728008E-15
436.0 3.0761040211141273E-15
437.0 3.099027655786359E-15
438.0 3.122030504014706E-15
439.0 3.145112431628709E-15
440.0 3.16827330461997E-15
441.0 3.1915129889393106E-15
442.0 3.2148313504962215E-15
443.0 3.2382282555770625E-15
444.0 3.261703570433165E-15
445.0 3.2852571610678035E-15
446.0 3.308888894505901E-15
447.0 3.33259863732189E-15
448.0 3.3563862560569454E-15
449.0 3.380251617864589E-15
450.0 3.4041945898731265E-15
451.0 3.4282150391832387E-15
452.0 3.4523128333031477E-15
453.0 3.476487839716164E-15
454.0 3.5007399263197278E-15
455.0 3.5250689609882436E-15
456.0 3.5494748117928947E-15
457.0 3.573957346778863E-15
458.0 3.598516435088111E-15
459.0 3.62315194471797E-15
460.0 3.647863744764795E-15
461.0 3.672651704532014E-15
462.0 3.697515693530852E-15
463.0 3.722455580097604E-15
464.0 3.7474712355312764E-15
465.0 3.772562528805921E-15
466.0 3.7977293300184905E-15
467.0 3.82297150994012E-15
468.0 3.848288938847553E-15
469.0 3.873681488164839E-15
470.0 3.899149028818578E-15
471.0 3.924691431938307E-15
472.0 3.950308568615667E-15
473.0 3.976000311826563E-15
474.0 4.001766533077431E-15
475.0 4.02760710455565E-15
476.0 4.053521898894333E-15
477.0 4.07951078917614E-15
478.0 4.105573648444254E-15
479.0 4.1317103501900376E-15
480.0 4.15792076761122E-15
481.0 4.184204775345389E-15
482.0 4.210562246989234E-15
483.0 4.236993057333814E-15
484.0 4.263497081120274E-15
485.0 4.29007419303194E-15
486.0 4.316724268450596E-15
487.0 4.343447183464214E-15
488.0 4.370242813590547E-15
489.0 4.3971110353055156E-15
490.0 4.424051724502417E-15
491.0 4.451064758292628E-15
492.0 4.4781500137182994E-15
493.0 4.505307368267729E-15
494.0 4.5325366993509575E-15
495.0 4.5598378848190794E-15
496.0 4.587210802965775E-15
497.0 4.614655332528772E-15
498.0 4.6421713524238745E-15
499.0 4.6697587417407445E-15
500.0 4.697417379469607E-15