200.0 7.227457610304693E-15
201.0 7.27152239752812E-15
202.0 7.315433933839191E-15
203.0 7.359193584865545E-15
204.0 7.402802724500872E-15
205.0 7.446262731539446E-15
206.0 7.489574989467794E-15
207.0 7.532740882128245E-15
208.0 7.5757617998495E-15
209.0 7.618639131019056E-15
210.0 7.66137427039352E-15
211.0 7.703968611785953E-15
212.0 7.746423544947695E-15
213.0 7.788740467154693E-15
214.0 7.83092076655009E-15
215.0 7.872965838000719E-15
216.0 7.91487706753174E-15
217.0 7.9566558472215E-15
218.0 7.998303557571605E-15
219.0 8.039821581421627E-15
220.0 8.08121129793105E-15
221.0 8.122474079729022E-15
222.0 8.163611298517396E-15
223.0 8.204624319112782E-15
224.0 8.245514504049953E-15
225.0 8.286283208718936E-15
226.0 8.326931782850118E-15
227.0 8.36746157202621E-15
228.0 8.407873917104486E-15
229.0 8.448170149426673E-15
230.0 8.488351596619888E-15
231.0 8.528419579961278E-15
232.0 8.56837540963672E-15
233.0 8.608220398017608E-15
234.0 8.64795583800993E-15
235.0 8.687583025900878E-15
236.0 8.727103247150946E-15
237.0 8.766517777024787E-15
238.0 8.805827887604533E-15
239.0 8.845034837848872E-15
240.0 8.884139882757296E-15
241.0 8.923144270882442E-15
242.0 8.962049238665333E-15
243.0 9.000856013273195E-15
244.0 9.03956581970253E-15
245.0 9.078179867713345E-15
246.0 9.116699365327876E-15
247.0 9.155125505782422E-15
248.0 9.1934594789262E-15
249.0 9.231702460314203E-15
250.0 9.269855624756382E-15
251.0 9.307920129047418E-15
252.0 9.345897131916381E-15
253.0 9.383787770390199E-15
254.0 9.421593187208248E-15
255.0 9.459314501880793E-15
256.0 9.496952838123669E-15
257.0 9.53450929918229E-15
258.0 9.571984991029907E-15
259.0 9.60938100302261E-15
260.0 9.64669841621867E-15
261.0 9.683938304258901E-15
262.0 9.721101734253043E-15
263.0 9.75818976022472E-15
264.0 9.795203429329104E-15
265.0 9.832143782757149E-15
266.0 9.869011848133182E-15
267.0 9.905808647877405E-15
268.0 9.942535193741849E-15
269.0 9.979192488799211E-15
270.0 1.0015781529436088E-14
271.0 1.005230329990388E-14
272.0 1.0088758781767254E-14
273.0 1.0125148941018496E-14
274.0 1.0161474741788085E-14
275.0 1.0197737135595261E-14
276.0 1.0233937062304345E-14
277.0 1.0270075462778244E-14
278.0 1.0306153262827119E-14
279.0 1.0342171381616353E-14
280.0 1.0378130729445523E-14
281.0 1.0414032207656788E-14
282.0 1.0449876714922594E-14
283.0 1.048566513334479E-14
284.0 1.0521398342187454E-14
285.0 1.0557077212483079E-14
286.0 1.0592702606955464E-14
287.0 1.0628275378883854E-14
288.0 1.0663796376278951E-14
289.0 1.0699266436503992E-14
290.0 1.0734686391516605E-14
291.0 1.0770057065680204E-14
292.0 1.080537927251773E-14
293.0 1.0840653823141408E-14
294.0 1.0875881515582661E-14
295.0 1.0911063144285497E-14
296.0 1.094619949368671E-14
297.0 1.0981291345586734E-14
298.0 1.1016339469554672E-14
299.0 1.1051344628182637E-14
300.0 1.1086307580217527E-14
301.0 1.1121229075214422E-14
302.0 1.1156109855613269E-14
303.0 1.1190950656695926E-14
304.0 1.1225752206545065E-14
305.0 1.1260515230239663E-14
306.0 1.1295240437110488E-14
307.0 1.1329928541877493E-14
308.0 1.1364580243440346E-14
309.0 1.1399196234373675E-14
310.0 1.1433777207238685E-14
311.0 1.146832384079811E-14
312.0 1.1502836812678077E-14
313.0 1.1537316789820251E-14
314.0 1.1571764435853647E-14
315.0 1.1606180407894029E-14
316.0 1.1640565354403979E-14
317.0 1.1674919919393418E-14
318.0 1.1709244743448239E-14
319.0 1.1743540454201733E-14
320.0 1.1777807678983389E-14
321.0 1.181204703740301E-14
322.0 1.1846259144495674E-14
323.0 1.1880444606479299E-14
324.0 1.1914604027064501E-14
325.0 1.1948738002159032E-14
326.0 1.1982847120905202E-14
327.0 1.201693196882287E-14
328.0 1.20509931277896E-14
329.0 1.2085031170753938E-14
330.0 1.2119046664881537E-14
331.0 1.2153040174697349E-14
332.0 1.2187012256803691E-14
333.0 1.222096346302475E-14
334.0 1.2254894343547103E-14
335.0 1.2288805437434586E-14
336.0 1.2322697283137038E-14
337.0 1.2356570410060496E-14
338.0 1.2390425348019002E-14
339.0 1.2424262616706279E-14
340.0 1.2458082731993486E-14
341.0 1.2491886208016518E-14
342.0 1.252567354875964E-14
343.0 1.2559445257499388E-14
344.0 1.2593201832590718E-14
345.0 1.2626943765357033E-14
346.0 1.2660671544279975E-14
347.0 1.2694385652889186E-14
348.0 1.2728086567655537E-14
349.0 1.2761774765324336E-14
350.0 1.2795450713466171E-14
351.0 1.2829114879905719E-14
352.0 1.2862767724325468E-14
353.0 1.2896409701404422E-14
354.0 1.293004126395245E-14
355.0 1.2963662861853168E-14
356.0 1.2997274936819633E-14
357.0 1.3030877927625116E-14
358.0 1.3064472273233578E-14
359.0 1.3098058401279662E-14
360.0 1.3131636740621411E-14
361.0 1.3165207711916167E-14
362.0 1.3198771738073726E-14
363.0 1.3232329230654571E-14
364.0 1.3265880603457538E-14
365.0 1.3299426263103294E-14
366.0 1.3332966614255697E-14
367.0 1.336650205543591E-14
368.0 1.3400032983196506E-14
369.0 1.3433559791069694E-14
370.0 1.3467082864342935E-14
371.0 1.3500602592580493E-14
372.0 1.3534119355004068E-14
373.0 1.3567633529882421E-14
374.0 1.3601145491395101E-14
375.0 1.3634655611713856E-14
376.0 1.3668164256826355E-14
377.0 1.3701671789661435E-14
378.0 1.3735178576335349E-14
379.0 1.3768684969473492E-14
380.0 1.3802191324880135E-14
381.0 1.3835697993197694E-14
382.0 1.386920532094499E-14
383.0 1.3902713653637187E-14
384.0 1.3936223333697762E-14
385.0 1.3969734697333336E-14
386.0 1.4003248078693742E-14
387.0 1.4036763811947153E-14
388.0 1.4070282223994572E-14
389.0 1.4103803643826639E-14
390.0 1.4137328390042067E-14
391.0 1.4170856784360941E-14
392.0 1.4204389145381452E-14
393.0 1.423792578338181E-14
394.0 1.4271467013824926E-14
395.0 1.4305013140731435E-14
396.0 1.4338564473297328E-14
397.0 1.437212131342548E-14
398.0 1.4405683958840636E-14
399.0 1.4439252709313536E-14
400.0 1.447282785835309E-14
401.0 1.450640969735578E-14
402.0 1.453999851663906E-14
403.0 1.4573594602325882E-14
404.0 1.4607198238416475E-14
405.0 1.4640809706785053E-14
406.0 1.4674429285103043E-14
407.0 1.470805725201927E-14
408.0 1.4741693878864807E-14
409.0 1.4775339438977284E-14
410.0 1.480899420044441E-14
411.0 1.484265843024492E-14
412.0 1.487633239217426E-14
413.0 1.4910016348912566E-14
414.0 1.4943710557880357E-14
415.0 1.497741527951719E-14
416.0 1.5011130766927463E-14
417.0 1.5044857273122917E-14
418.0 1.507859504688101E-14
419.0 1.5112344337914424E-14
420.0 1.5146105391695454E-14
421.0 1.5179878452556613E-14
422.0 1.5213663760585435E-14
423.0 1.5247461556791694E-14
424.0 1.528127207793448E-14
425.0 1.5315095558588142E-14
426.0 1.5348932232172217E-14
427.0 1.5382782329915263E-14
428.0 1.5416646081884952E-14
429.0 1.5450523713886492E-14
430.0 1.5484415449526462E-14
431.0 1.5518321516405258E-14
432.0 1.5552242130625026E-14
433.0 1.5586177513308715E-14
434.0 1.5620127881303914E-14
435.0 1.5654093451309444E-14
436.0 1.568807443471261E-14
437.0 1.572207104274671E-14
438.0 1.575608348958217E-14
439.0 1.5790111976849394E-14
440.0 1.582415671633104E-14
441.0 1.5858217908297536E-14
442.0 1.589229575491396E-14
443.0 1.5926390460234634E-14
444.0 1.5960502220921497E-14
445.0 1.5994631233459367E-14
446.0 1.602877769827428E-14
447.0 1.6062941803241004E-14
448.0 1.6097123742231725E-14
449.0 1.613132370789796E-14
450.0 1.6165541886516938E-14
451.0 1.619977846623151E-14
452.0 1.6234033633955637E-14
453.0 1.6268307572282512E-14
454.0 1.6302600463601803E-14
455.0 1.6336912490095984E-14
456.0 1.6371243828590137E-14
457.0 1.640559465878539E-14
458.0 1.6439965157079246E-14
459.0 1.647435549656277E-14
460.0 1.6508765851136017E-14
461.0 1.654319639344563E-14
462.0 1.6577647293853266E-14
463.0 1.6612118720433323E-14
464.0 1.6646610839999453E-14
465.0 1.6681123821187476E-14
466.0 1.6715657824165703E-14
467.0 1.6750213016062575E-14
468.0 1.6784789556562568E-14
469.0 1.6819387607161293E-14
470.0 1.6854007326019974E-14
471.0 1.6888648870019778E-14
472.0 1.6923312396815544E-14
473.0 1.69579980617482E-14
474.0 1.699270601887E-14
475.0 1.7027436417858648E-14
476.0 1.7062189412237832E-14
477.0 1.7096965152178834E-14
478.0 1.7131763783470347E-14
479.0 1.7166585457793657E-14
480.0 1.7201430317303642E-14
481.0 1.723629850798656E-14
482.0 1.7271190173491038E-14
483.0 1.7306105456152964E-14
484.0 1.73410444990477E-14
485.0 1.7376007440850323E-14
486.0 1.741099441891531E-14
487.0 1.7446005572355787E-14
488.0 1.7481041038958493E-14
489.0 1.7516100952099778E-14
490.0 1.755118544587886E-14
491.0 1.758629465511531E-14
492.0 1.7621428712264136E-14
493.0 1.765658774638699E-14
494.0 1.7691771888284483E-14
495.0 1.7726981264331305E-14
496.0 1.7762216006743098E-14
497.0 1.779747623714284E-14
498.0 1.7832762087096532E-14
499.0 1.7868073675518907E-14
500.0 1.7903411128181263E-14