200.0 4.883562272610475E-17
201.0 5.0421324827990245E-17
202.0 5.2041557362185674E-17
203.0 5.369662365166992E-17
204.0 5.538682193869749E-17
205.0 5.711244534552362E-17
206.0 5.887378178095726E-17
207.0 6.067111403451589E-17
208.0 6.250471959205741E-17
209.0 6.437487075696017E-17
210.0 6.628183454381695E-17
211.0 6.822587268244661E-17
212.0 7.020724159047633E-17
213.0 7.222619242490027E-17
214.0 7.42829709864637E-17
215.0 7.637781772613906E-17
216.0 7.851096783995339E-17
217.0 8.068265115638518E-17
218.0 8.289309217382995E-17
219.0 8.51425100946912E-17
220.0 8.743111880893426E-17
221.0 8.975912686501361E-17
222.0 9.212673758088632E-17
223.0 9.453414897599673E-17
224.0 9.698155379363458E-17
225.0 9.946913955176452E-17
226.0 1.0199708856130307E-16
227.0 1.0456557789310835E-16
228.0 1.0717477947474594E-16
229.0 1.0982486012954551E-16
230.0 1.1251598142231573E-16
231.0 1.152482999854147E-16
232.0 1.1802196729918846E-16
233.0 1.2083712981510947E-16
234.0 1.2369392900076947E-16
235.0 1.2659250141848838E-16
236.0 1.2953297857404345E-16
237.0 1.325154872101711E-16
238.0 1.3554014914092175E-16
239.0 1.3860708142957029E-16
240.0 1.4171639631242754E-16
241.0 1.448682013002476E-16
242.0 1.480625992874601E-16
243.0 1.512996884015822E-16
244.0 1.5457956230498843E-16
245.0 1.5790231002619345E-16
246.0 1.6126801603215845E-16
247.0 1.6467676049579054E-16
248.0 1.6812861896476998E-16
249.0 1.7162366278260195E-16
250.0 1.7516195888572033E-16
251.0 1.787435699633777E-16
252.0 1.8236855450496368E-16
253.0 1.8603696672095464E-16
254.0 1.8974885685889798E-16
255.0 1.9350427091460036E-16
256.0 1.9730325099602537E-16
257.0 2.0114583520151428E-16
258.0 2.050320576411413E-16
259.0 2.089619486409111E-16
260.0 2.129355346795965E-16
261.0 2.1695283836269684E-16
262.0 2.2101387872845797E-16
263.0 2.251186711352273E-16
264.0 2.292672271586528E-16
265.0 2.334595549809266E-16
266.0 2.3769565922055404E-16
267.0 2.419755410023035E-16
268.0 2.4629919810800693E-16
269.0 2.506666248686183E-16
270.0 2.5507781236776423E-16
271.0 2.5953274843848785E-16
272.0 2.640314176273736E-16
273.0 2.685738014900057E-16
274.0 2.731598783059786E-16
275.0 2.7778962337461097E-16
276.0 2.8246300903714316E-16
277.0 2.871800046367693E-16
278.0 2.919405765315541E-16
279.0 2.967446883484684E-16
280.0 3.0159230085162447E-16
281.0 3.064833721088222E-16
282.0 3.1141785741357923E-16
283.0 3.1639570935754873E-16
284.0 3.2141687809939947E-16
285.0 3.2648131105847576E-16
286.0 3.3158895318021245E-16
287.0 3.3673974698210046E-16
288.0 3.419336325650473E-16
289.0 3.471705476217861E-16
290.0 3.5245042747710746E-16
291.0 3.577732052685124E-16
292.0 3.6313881181502334E-16
293.0 3.6854717572571664E-16
294.0 3.739982236584115E-16
295.0 3.7949187981784826E-16
296.0 3.8502806664723275E-16
297.0 3.9060670446986733E-16
298.0 3.9622771156053845E-16
299.0 4.018910042957806E-16
300.0 4.0759649727204143E-16
301.0 4.133441031526029E-16
302.0 4.191337326605438E-16
303.0 4.2496529493046313E-16
304.0 4.3083869739209877E-16
305.0 4.367538455611153E-16
306.0 4.4271064347779805E-16
307.0 4.487089935837701E-16
308.0 4.547487966302617E-16
309.0 4.608299518774373E-16
310.0 4.6695235713053E-16
311.0 4.731159086445496E-16
312.0 4.79320501461121E-16
313.0 4.855660288731395E-16
314.0 4.918523831128082E-16
315.0 4.981794549441947E-16
316.0 5.045471339617685E-16
317.0 5.109553083030828E-16
318.0 5.174038652290544E-16
319.0 5.238926903693125E-16
320.0 5.304216687286021E-16
321.0 5.369906835890613E-16
322.0 5.435996176724404E-16
323.0 5.502483524109588E-16
324.0 5.569367680626438E-16
325.0 5.636647442788709E-16
326.0 5.704321593458244E-16
327.0 5.77238890850808E-16
328.0 5.840848154634347E-16
329.0 5.909698088059709E-16
330.0 5.978937458865526E-16
331.0 6.04856500662486E-16
332.0 6.118579464772503E-16
333.0 6.188979558789075E-16
334.0 6.259764005346863E-16
335.0 6.3309315151901E-16
336.0 6.402480791773074E-16
337.0 6.474410532566721E-16
338.0 6.5467194287476355E-16
339.0 6.619406163175323E-16
340.0 6.692469415029163E-16
341.0 6.765907857829224E-16
342.0 6.839720158491118E-16
343.0 6.91390497978904E-16
344.0 6.988460978845345E-16
345.0 7.063386807294215E-16
346.0 7.138681114990784E-16
347.0 7.2143425437436575E-16
348.0 7.290369735160387E-16
349.0 7.366761323710813E-16
350.0 7.443515941045062E-16
351.0 7.520632217426219E-16
352.0 7.598108777642612E-16
353.0 7.675944243582798E-16
354.0 7.754137235031229E-16
355.0 7.832686367956518E-16
356.0 7.911590255898926E-16
357.0 7.990847513334513E-16
358.0 8.070456747536259E-16
359.0 8.150416566349517E-16
360.0 8.230725577769838E-16
361.0 8.311382382227897E-16
362.0 8.39238558514754E-16
363.0 8.473733787934269E-16
364.0 8.555425588683374E-16
365.0 8.63745958766178E-16
366.0 8.71983438344228E-16
367.0 8.802548574370571E-16
368.0 8.885600755929743E-16
369.0 8.96898952496002E-16
370.0 9.052713479129935E-16
371.0 9.136771212844888E-16
372.0 9.22116132293785E-16
373.0 9.305882406708052E-16
374.0 9.390933059873307E-16
375.0 9.476311878783743E-16
376.0 9.562017462715165E-16
377.0 9.648048406701988E-16
378.0 9.734403312551716E-16
379.0 9.821080778722286E-16
380.0 9.908079405510016E-16
381.0 9.995397796666744E-16
382.0 1.0083034551986342E-15
383.0 1.017098827941078E-15
384.0 1.0259257581527783E-15
385.0 1.0347841068543024E-15
386.0 1.043673734535832E-15
387.0 1.052594502625436E-15
388.0 1.0615462721852794E-15
389.0 1.0705289046912156E-15
390.0 1.0795422618078871E-15
391.0 1.08858620539475E-15
392.0 1.0976605973512747E-15
393.0 1.1067653001831132E-15
394.0 1.1159001762879316E-15
395.0 1.1250650883595356E-15
396.0 1.134259899559232E-15
397.0 1.1434844731967815E-15
398.0 1.1527386726492991E-15
399.0 1.1620223617782614E-15
400.0 1.171335404856121E-15
401.0 1.1806776658990475E-15
402.0 1.1900490100995196E-15
403.0 1.1994493018916635E-15
404.0 1.2088784070717127E-15
405.0 1.2183361909326372E-15
406.0 1.2278225193733151E-15
407.0 1.2373372589098747E-15
408.0 1.24688027598577E-15
409.0 1.2564514374048421E-15
410.0 1.2660506106894333E-15
411.0 1.2756776632920791E-15
412.0 1.2853324631243736E-15
413.0 1.295014878832231E-15
414.0 1.304724778814042E-15
415.0 1.3144620321158215E-15
416.0 1.3242265084407966E-15
417.0 1.3340180774248408E-15
418.0 1.3438366095493514E-15
419.0 1.3536819749504003E-15
420.0 1.3635540450783192E-15
421.0 1.3734526908512103E-15
422.0 1.3833777845139688E-15
423.0 1.3933291980567059E-15
424.0 1.403306803959444E-15
425.0 1.413310475386328E-15
426.0 1.423340085714291E-15
427.0 1.4333955087219676E-15
428.0 1.4434766188805016E-15
429.0 1.453583290680728E-15
430.0 1.4637153993078638E-15
431.0 1.473872820256261E-15
432.0 1.4840554294257991E-15
433.0 1.494263103418723E-15
434.0 1.5044957190492215E-15
435.0 1.514753153338589E-15
436.0 1.5250352843128115E-15
437.0 1.5353419901086226E-15
438.0 1.5456731491685727E-15
439.0 1.5560286407461449E-15
440.0 1.566408344403352E-15
441.0 1.5768121398023537E-15
442.0 1.587239907727406E-15
443.0 1.5976915287546656E-15
444.0 1.6081668846915215E-15
445.0 1.6186658566110915E-15
446.0 1.6291883274448188E-15
447.0 1.6397341796976596E-15
448.0 1.650303296379144E-15
449.0 1.6608955613219266E-15
450.0 1.6715108587624765E-15
451.0 1.6821490730180825E-15
452.0 1.6928100892297487E-15
453.0 1.7034937930451653E-15
454.0 1.7142000702936416E-15
455.0 1.7249288075227251E-15
456.0 1.7356798917838952E-15
457.0 1.7464532101936421E-15
458.0 1.7572486508043563E-15
459.0 1.7680661019495244E-15
460.0 1.778905452571345E-15
461.0 1.789766591776652E-15
462.0 1.800649409611791E-15
463.0 1.8115537958361095E-15
464.0 1.8224796417077108E-15
465.0 1.8334268381927552E-15
466.0 1.8443952768570024E-15
467.0 1.855384850094433E-15
468.0 1.8663954502174583E-15
469.0 1.877426970477731E-15
470.0 1.888479304842722E-15
471.0 1.8995523467262713E-15
472.0 1.9106459909407982E-15
473.0 1.921760132547693E-15
474.0 1.9328946669680353E-15
475.0 1.9440494900959663E-15
476.0 1.955224498414424E-15
477.0 1.966419588877088E-15
478.0 1.9776346586689346E-15
479.0 1.9888696057951513E-15
480.0 2.0001243286073697E-15
481.0 2.0113987257991943E-15
482.0 2.0226926965221147E-15
483.0 2.03400614074539E-15
484.0 2.0453389585328268E-15
485.0 2.0566910505203623E-15
486.0 2.0680623177936234E-15
487.0 2.0794526621301507E-15
488.0 2.090861985509532E-15
489.0 2.102290190476317E-15
490.0 2.1137371800156774E-15
491.0 2.1252028575506174E-15
492.0 2.1366871270636015E-15
493.0 2.148189892970862E-15
494.0 2.1597110599940827E-15
495.0 2.171250533658434E-15
496.0 2.1828082194124256E-15
497.0 2.1943840238826496E-15
498.0 2.2059778536129175E-15
499.0 2.2175896155624845E-15
500.0 2.2292192173586528E-15