200.0 1.7722728443439883E-19
201.0 1.8784030961433522E-19
202.0 1.989718619465428E-19
203.0 2.1064105982399988E-19
204.0 2.22867459984608E-19
205.0 2.356710588974077E-19
206.0 2.4907229363459885E-19
207.0 2.6309204313938132E-19
208.0 2.777516286299771E-19
209.0 2.9307281441586006E-19
210.0 3.090778079712643E-19
211.0 3.257892603030745E-19
212.0 3.4323026526787126E-19
213.0 3.6142436011732103E-19
214.0 3.8039552421735677E-19
215.0 4.0016817866514856E-19
216.0 4.20767185478626E-19
217.0 4.42217846208134E-19
218.0 4.645459008840077E-19
219.0 4.877775262084481E-19
220.0 5.119393344717609E-19
221.0 5.370583709172773E-19
222.0 5.631621122351891E-19
223.0 5.902784641222725E-19
224.0 6.184357589218752E-19
225.0 6.476627531046481E-19
226.0 6.779886242510231E-19
227.0 7.094429686051424E-19
228.0 7.420557972832272E-19
229.0 7.758575339851863E-19
230.0 8.108790105724645E-19
231.0 8.471514646492842E-19
232.0 8.847065346573523E-19
233.0 9.235762569087944E-19
234.0 9.637930611663251E-19
235.0 1.0053897670810862E-18
236.0 1.0483995788473204E-18
237.0 1.0928560825094445E-18
238.0 1.1387932390173609E-18
239.0 1.186245382708508E-18
240.0 1.235247214055253E-18
241.0 1.2858337953765918E-18
242.0 1.3380405470634397E-18
243.0 1.3919032408426153E-18
244.0 1.4474579963040344E-18
245.0 1.5047412738359392E-18
246.0 1.5637898703491254E-18
247.0 1.624640914593766E-18
248.0 1.6873318596181463E-18
249.0 1.751900479354825E-18
250.0 1.818384860803271E-18
251.0 1.8868234004294576E-18
252.0 1.9572547964953386E-18
253.0 2.0297180443861002E-18
254.0 2.104252430468262E-18
255.0 2.1808975251079448E-18
256.0 2.2596931787339813E-18
257.0 2.340679513308796E-18
258.0 2.423896918387064E-18
259.0 2.5093860425671284E-18
260.0 2.597187790172861E-18
261.0 2.6873433119660895E-18
262.0 2.779894001328755E-18
263.0 2.874881487444102E-18
264.0 2.972347626730074E-18
265.0 3.0723344998302277E-18
266.0 3.174884403733282E-18
267.0 3.2800398439391113E-18
268.0 3.3878435317979852E-18
269.0 3.498338372814095E-18
270.0 3.61156746627394E-18
271.0 3.7275740945073095E-18
272.0 3.846401716643038E-18
273.0 3.9680939653338545E-18
274.0 4.092694637599012E-18
275.0 4.220247689592029E-18
276.0 4.350797229321232E-18
277.0 4.484387512017854E-18
278.0 4.621062929610574E-18
279.0 4.760868011279818E-18
280.0 4.90384741160348E-18
281.0 5.05004590656299E-18
282.0 5.1995083857252076E-18
283.0 5.352279846915035E-18
284.0 5.508405392737052E-18
285.0 5.667930218989992E-18
286.0 5.830899612786555E-18
287.0 5.997358944191515E-18
288.0 6.167353662454654E-18
289.0 6.340929288856779E-18
290.0 6.518131407479259E-18
291.0 6.699005665443098E-18
292.0 6.883597763300855E-18
293.0 7.071953447673689E-18
294.0 7.264118512228687E-18
295.0 7.460138781553766E-18
296.0 7.660060115098819E-18
297.0 7.863928398143456E-18
298.0 8.071789532307897E-18
299.0 8.283689435906151E-18
300.0 8.499674036254167E-18
301.0 8.719789264201214E-18
302.0 8.944081044464492E-18
303.0 9.172595300205374E-18
304.0 9.405377940379484E-18
305.0 9.642474852466108E-18
306.0 9.883931906118098E-18
307.0 1.0129794941012666E-17
308.0 1.0380109763471105E-17
309.0 1.0634922141395298E-17
310.0 1.0894277800262567E-17
311.0 1.115822242032964E-17
312.0 1.1426801626796914E-17
313.0 1.1700060987964476E-17
314.0 1.1978046013825976E-17
315.0 1.2260802140611749E-17
316.0 1.254837474365338E-17
317.0 1.2840809116461104E-17
318.0 1.3138150473877588E-17
319.0 1.3440443948997024E-17
320.0 1.3747734585361351E-17
321.0 1.4060067332555535E-17
322.0 1.4377487050818032E-17
323.0 1.4700038491942455E-17
324.0 1.5027766307725056E-17
325.0 1.5360715039626787E-17
326.0 1.5698929118789256E-17
327.0 1.6042452858125182E-17
328.0 1.639133045689878E-17
329.0 1.6745605984416732E-17
330.0 1.7105323387614864E-17
331.0 1.747052647728102E-17
332.0 1.7841258940931344E-17
333.0 1.8217564321478953E-17
334.0 1.8599486019516682E-17
335.0 1.898706730119137E-17
336.0 1.9380351274254276E-17
337.0 1.9779380909055135E-17
338.0 2.0184199010827042E-17
339.0 2.0594848239912488E-17
340.0 2.1011371088455136E-17
341.0 2.1433809896448896E-17
342.0 2.186220682951116E-17
343.0 2.2296603893835466E-17
344.0 2.273704292082869E-17
345.0 2.3183565575543463E-17
346.0 2.3636213338876408E-17
347.0 2.4095027520143173E-17
348.0 2.456004925100908E-17
349.0 2.5031319477034067E-17
350.0 2.5508878959125386E-17
351.0 2.5992768275433117E-17
352.0 2.648302780860066E-17
353.0 2.6979697756155615E-17
354.0 2.7482818119914984E-17
355.0 2.7992428703660646E-17
356.0 2.850856912004095E-17
357.0 2.903127878204466E-17
358.0 2.956059689388709E-17
359.0 3.00965624701382E-17
360.0 3.06392143104812E-17
361.0 3.1188591004539565E-17
362.0 3.1744730949965935E-17
363.0 3.230767232643283E-17
364.0 3.2877453095916024E-17
365.0 3.345411102162821E-17
366.0 3.403768364616452E-17
367.0 3.46282082949052E-17
368.0 3.522572208266248E-17
369.0 3.5830261904366565E-17
370.0 3.6441864430736595E-17
371.0 3.70605661151993E-17
372.0 3.768640319575916E-17
373.0 3.831941168831784E-17
374.0 3.895962737058573E-17
375.0 3.960708581929987E-17
376.0 4.0261822361672364E-17
377.0 4.092387211624585E-17
378.0 4.1593269964742963E-17
379.0 4.227005056963963E-17
380.0 4.295424835765202E-17
381.0 4.36458975348183E-17
382.0 4.434503205963868E-17
383.0 4.505168567823008E-17
384.0 4.576589189748862E-17
385.0 4.648768399424541E-17
386.0 4.7217095007715176E-17
387.0 4.795415775630294E-17
388.0 4.8698904805423163E-17
389.0 4.9451368513062306E-17
390.0 5.02115809792968E-17
391.0 5.097957407792334E-17
392.0 5.1755379456563394E-17
393.0 5.253902851380095E-17
394.0 5.333055242509453E-17
395.0 5.4129982111773736E-17
396.0 5.493734828333448E-17
397.0 5.575268140241677E-17
398.0 5.657601168794316E-17
399.0 5.740736913506654E-17
400.0 5.824678349069395E-17
401.0 5.909428427795149E-17
402.0 5.994990078398627E-17
403.0 6.081366203823703E-17
404.0 6.168559686361788E-17
405.0 6.256573382509292E-17
406.0 6.345410126868436E-17
407.0 6.435072727715121E-17
408.0 6.525563973262407E-17
409.0 6.61688662584105E-17
410.0 6.709043425055605E-17
411.0 6.802037087841929E-17
412.0 6.895870304208001E-17
413.0 6.99054574530411E-17
414.0 7.086066055849894E-17
415.0 7.182433857952442E-17
416.0 7.279651751674862E-17
417.0 7.377722311581327E-17
418.0 7.476648090744752E-17
419.0 7.576431616725906E-17
420.0 7.677075396720066E-17
421.0 7.778581912976261E-17
422.0 7.880953625409566E-17
423.0 7.984192971137515E-17
424.0 8.08830236179565E-17
425.0 8.19328419063102E-17
426.0 8.299140823848433E-17
427.0 8.405874606640984E-17
428.0 8.51348786162077E-17
429.0 8.621982888874908E-17
430.0 8.731361964275274E-17
431.0 8.841627341799847E-17
432.0 8.952781253025854E-17
433.0 9.064825909590272E-17
434.0 9.177763494881566E-17
435.0 9.291596176046005E-17
436.0 9.406326095074495E-17
437.0 9.521955371210634E-17
438.0 9.638486102875215E-17
439.0 9.755920366516466E-17
440.0 9.874260216030492E-17
441.0 9.993507683443643E-17
442.0 1.0113664778977303E-16
443.0 1.0234733491774806E-16
444.0 1.0356715789330199E-16
445.0 1.0479613615528078E-16
446.0 1.0603428895385266E-16
447.0 1.0728163531116963E-16
448.0 1.0853819403527718E-16
449.0 1.0980398373481219E-16
450.0 1.1107902280616498E-16
451.0 1.123633294127285E-16
452.0 1.136569215206289E-16
453.0 1.149598169000619E-16
454.0 1.1627203310460348E-16
455.0 1.1759358747155412E-16
456.0 1.189244971447158E-16
457.0 1.2026477904555537E-16
458.0 1.2161444991889095E-16
459.0 1.2297352628114873E-16
460.0 1.243420244587733E-16
461.0 1.2571996056612512E-16
462.0 1.2710735052947774E-16
463.0 1.285042100724623E-16
464.0 1.2991055471674115E-16
465.0 1.3132639978267418E-16
466.0 1.3275176039815535E-16
467.0 1.3418665149138523E-16
468.0 1.3563108781646442E-16
469.0 1.3708508388806633E-16
470.0 1.3854865409019594E-16
471.0 1.4002181256036095E-16
472.0 1.415045732568395E-16
473.0 1.4299694998605096E-16
474.0 1.4449895630010529E-16
475.0 1.4601060562712097E-16
476.0 1.4753191115922864E-16
477.0 1.4906288594994512E-16
478.0 1.506035428085845E-16
479.0 1.521538944261874E-16
480.0 1.5371395325053448E-16
481.0 1.5528373157710283E-16
482.0 1.5686324153249406E-16
483.0 1.5845249504756125E-16
484.0 1.6005150385763037E-16
485.0 1.6166027954093938E-16
486.0 1.6327883351072308E-16
487.0 1.6490717696799548E-16
488.0 1.6654532096948488E-16
489.0 1.681932763902731E-16
490.0 1.6985105392435206E-16
491.0 1.7151866409519562E-16
492.0 1.7319611726677943E-16
493.0 1.7488342361437937E-16
494.0 1.7658059317596608E-16
495.0 1.7828763579231532E-16
496.0 1.8000456111715384E-16
497.0 1.817313787116403E-16
498.0 1.834680979001208E-16
499.0 1.8521472787468755E-16
500.0 1.8697127766508288E-16