200.0 2.2947487930128504E-36
201.0 2.970230652311035E-36
202.0 3.83478290646343E-36
203.0 4.9385934919427994E-36
204.0 6.344445246960239E-36
205.0 8.130693311397966E-36
206.0 1.0394902696353803E-35
207.0 1.3258282608959227E-35
208.0 1.687108033208733E-35
209.0 2.141912824389342E-35
210.0 2.713177382787059E-35
211.0 3.429146478507721E-35
212.0 4.3245311103921076E-35
213.0 5.441900374168967E-35
214.0 6.833353684089494E-35
215.0 8.562525917983684E-35
216.0 1.0706987104044562E-34
217.0 1.3361108835890264E-34
218.0 1.6639481784873336E-34
219.0 2.0680982751875693E-34
220.0 2.5653605872679996E-34
221.0 3.1760191294575354E-34
222.0 3.924520603228866E-34
223.0 4.840275619038846E-34
224.0 5.958603804968196E-34
225.0 7.3218467280528435E-34
226.0 8.980676252896931E-34
227.0 1.0995630125246133E-33
228.0 1.3438911290950957E-33
229.0 1.63964928760104E-33
230.0 1.99705768700901E-33
231.0 2.4282461458159894E-33
232.0 2.947587973678082E-33
233.0 3.572088151475668E-33
234.0 4.321833956208971E-33
235.0 5.2205173348269966E-33
236.0 6.296039532316402E-33
237.0 7.581209946001171E-33
238.0 9.114552727714235E-33
239.0 1.0941236452303586E-32
240.0 1.3114144125979947E-32
241.0 1.5695103085972793E-32
242.0 1.875629669380777E-32
243.0 2.2381882647518172E-32
244.0 2.6669845609890123E-32
245.0 3.1734115435795295E-32
246.0 3.770698585394947E-32
247.0 4.4741872856817865E-32
248.0 5.301645650250612E-32
249.0 6.273625502862304E-32
250.0 7.413868587773194E-32
251.0 8.74976742872552E-32
252.0 1.0312887729874154E-31
253.0 1.2139559810388455E-31
254.0 1.427154746551764E-31
255.0 1.675680346778366E-31
256.0 1.9650322035631028E-31
257.0 2.301509956409145E-31
258.0 2.692321628625621E-31
259.0 3.145705260783618E-31
260.0 3.671065554993217E-31
261.0 4.2791272158585E-31
262.0 4.982106842119927E-31
263.0 5.79390541912347E-31
264.0 6.730323660855599E-31
265.0 7.809302664307731E-31
266.0 9.051192590498168E-31
267.0 1.0479052330460626E-30
268.0 1.211898341884299E-30
269.0 1.4000501712138274E-30
270.0 1.6156950780941565E-30
271.0 1.862596117389551E-30
272.0 2.1449960229476103E-30
273.0 2.4676737474050866E-30
274.0 2.8360071062056573E-30
275.0 3.2560421247854356E-30
276.0 3.734569738417701E-30
277.0 4.279210550031898E-30
278.0 4.898508404354846E-30
279.0 5.602033618609286E-30
280.0 6.400496761764563E-30
281.0 7.305873946392806E-30
282.0 8.33154471302062E-30
283.0 9.492443604394048E-30
284.0 1.0805226690661309E-29
285.0 1.228845436166578E-29
286.0 1.3962791801420392E-29
287.0 1.5851228699248834E-29
288.0 1.7979319861465597E-29
289.0 2.0375448476273335E-29
290.0 2.3071113991140982E-29
291.0 2.610124663492179E-29
292.0 2.9504550786489953E-29
293.0 3.3323879625668987E-29
294.0 3.760664348000565E-29
295.0 4.2405254792597505E-29
296.0 4.777761238227263E-29
297.0 5.378762837209587E-29
298.0 6.050580089254922E-29
299.0 6.800983628793806E-29
300.0 7.638532455919336E-29
301.0 8.572647213568991E-29
302.0 9.613689622022139E-29
303.0 1.0773048554524062E-28
304.0 1.2063233208477797E-28
305.0 1.3497973943047646E-28
306.0 1.509233128931079E-28
307.0 1.6862813765166438E-28
308.0 1.8827505106463646E-28
309.0 2.1006201563609033E-28
310.0 2.342056003385696E-28
311.0 2.6094257673637893E-28
312.0 2.9053163916742237E-28
313.0 3.2325525622044257E-28
314.0 3.5942166331803E-28
315.0 3.993670052730723E-28
316.0 4.434576390430375E-28
317.0 4.920926074521678E-28
318.0 5.4570629443016685E-28
319.0 6.047712740923099E-28
320.0 6.698013659699109E-28
321.0 7.413549092764946E-28
322.0 8.200382701889435E-28
323.0 9.065095966488657E-28
324.0 1.0014828360006251E-27
325.0 1.1057320314878119E-27
326.0 1.2200959150329866E-27
327.0 1.3454828129920332E-27
328.0 1.4828758858766535E-27
329.0 1.633338717880271E-27
330.0 1.7980212815972285E-27
331.0 1.978166295886236E-27
332.0 2.1751160014703495E-27
333.0 2.3903193772955587E-27
334.0 2.6253398223831647E-27
335.0 2.8818633327053924E-27
336.0 3.161707193284001E-27
337.0 3.466829221201057E-27
338.0 3.799337588162598E-27
339.0 4.1615012483624304E-27
340.0 4.5557610136151935E-27
341.0 4.984741301062461E-27
342.0 5.4512625948654505E-27
343.0 5.958354657088338E-27
344.0 6.509270529659546E-27
345.0 7.10750135723126E-27
346.0 7.75679209220114E-27
347.0 8.461158107797999E-27
348.0 9.224902770319598E-27
349.0 1.0052636031477436E-26
350.0 1.094929406475091E-26
351.0 1.1920160019521559E-26
352.0 1.2970885946149106E-26
353.0 1.4107515917426196E-26
354.0 1.5336510465173368E-26
355.0 1.666477231171698E-26
356.0 1.80996735379557E-26
357.0 1.9649084195289504E-26
358.0 2.1321402463377224E-26
359.0 2.3125586400768553E-26
360.0 2.5071187366277997E-26
361.0 2.7168385225341485E-26
362.0 2.942802533026846E-26
363.0 3.186165744156266E-26
364.0 3.448157665262646E-26
365.0 3.730086635974087E-26
366.0 4.033344341886008E-26
367.0 4.359410554352796E-26
368.0 4.7098581105857055E-26
369.0 5.0863581320837175E-26
370.0 5.490685502670329E-26
371.0 5.924724612477986E-26
372.0 6.390475378599913E-26
373.0 6.89005955130942E-26
374.0 7.425727321176291E-26
375.0 7.999864241779968E-26
376.0 8.61499846737606E-26
377.0 9.273808334338443E-26
378.0 9.979130289484595E-26
379.0 1.0733967180348865E-25
380.0 1.154149691992899E-25
381.0 1.2405081551298366E-25
382.0 1.3328276702570357E-25
383.0 1.4314841479712743E-25
384.0 1.5368748779897167E-25
385.0 1.6481635379766497E-25
386.0 1.7624671546035119E-25
387.0 1.8840370959694758E-25
388.0 2.0132918388131068E-25
389.0 2.1506713468692887E-25
390.0 2.2966380318457056E-25
391.0 2.4516777510048156E-25
392.0 2.616300840549158E-25
393.0 2.7910431880964407E-25
394.0 2.976467345818746E-25
395.0 3.173163680427647E-25
396.0 3.3817515682476634E-25
397.0 3.6028806320448554E-25
398.0 3.8372320199564756E-25
399.0 4.085519732485618E-25
400.0 4.348491993330712E-25
401.0 4.626932669041912E-25
402.0 4.92166273868867E-25
403.0 5.2335418093362895E-25
404.0 5.563469690114424E-25
405.0 5.912388010629824E-25
406.0 6.281281900702134E-25
407.0 6.671181722525706E-25
408.0 7.083164857610775E-25
409.0 7.5183575569728585E-25
410.0 7.977936847057097E-25
411.0 8.463132498671207E-25
412.0 8.97522905750526E-25
413.0 9.515567940562206E-25
414.0 1.0085549593779066E-24
415.0 1.0686635725263153E-24
416.0 1.1320351598223891E-24
417.0 1.1988288398509465E-24
418.0 1.2692105673369664E-24
419.0 1.3433533845507899E-24
420.0 1.4214376800878235E-24
421.0 1.5036514548147546E-24
422.0 1.5901905966802075E-24
423.0 1.681259162818902E-24
424.0 1.777069669767438E-24
425.0 1.877843392711536E-24
426.0 1.983810672074292E-24
427.0 2.09521123080407E-24
428.0 2.2122944972596803E-24
429.0 2.3353199414641862E-24
430.0 2.4645574161209404E-24
431.0 2.6002875109787524E-24
432.0 2.7428019141227097E-24
433.0 2.8924037829225475E-24
434.0 3.0494081282655924E-24
435.0 3.21414220483415E-24
436.0 3.3869459131204686E-24
437.0 3.568172214452316E-24
438.0 3.758187553235306E-24
439.0 3.957372289885175E-24
440.0 4.1661211500866365E-24
441.0 4.384843677956371E-24
442.0 4.613964707569382E-24
443.0 4.853924841205396E-24
444.0 5.105180941511628E-24
445.0 5.368206635478546E-24
446.0 5.643492832860617E-24
447.0 5.931548249711035E-24
448.0 6.2328999565574835E-24
449.0 6.548093928571476E-24
450.0 6.877695612742204E-24
451.0 7.222290511055996E-24
452.0 7.582484773098719E-24
453.0 7.958905804365064E-24
454.0 8.352202887009668E-24
455.0 8.763047818821188E-24
456.0 9.192135556995069E-24
457.0 9.640184893299043E-24
458.0 1.0107939121065352E-23
459.0 1.0596166739264594E-23
460.0 1.110566215799347E-23
461.0 1.1637246422421136E-23
462.0 1.2191767955844133E-23
463.0 1.2770103314522874E-23
464.0 1.3373157957256023E-23
465.0 1.4001867037354328E-23
466.0 1.4657196203948118E-23
467.0 1.534014242742248E-23
468.0 1.6051734832989688E-23
469.0 1.6793035557199398E-23
470.0 1.7565140621045724E-23
471.0 1.83691808140276E-23
472.0 1.9206322609532587E-23
473.0 2.007776908449256E-23
474.0 2.0984760863183817E-23
475.0 2.192857707554366E-23
476.0 2.291053634147643E-23
477.0 2.3931997763577055E-23
478.0 2.4994361949238112E-23
479.0 2.6099072043805778E-23
480.0 2.7247614778939275E-23
481.0 2.8441521560752633E-23
482.0 2.968236955114624E-23
483.0 3.0971782783964726E-23
484.0 3.231143330571857E-23
485.0 3.3703042324320644E-23
486.0 3.514838137058387E-23
487.0 3.6649273520352284E-23
488.0 3.820759458824226E-23
489.0 3.982527435533937E-23
490.0 4.15042978574166E-23
491.0 4.324670664159348E-23
492.0 4.505460006504293E-23
493.0 4.6930136620634976E-23
494.0 4.887553528834794E-23
495.0 5.089307688111088E-23
496.0 5.298510544790159E-23
497.0 5.51540296713216E-23
498.0 5.7402324324416E-23
499.0 5.973253167710677E-23
500.0 6.214726302795406E-23