200.0 1.6195848139934828E-16
201.0 1.676164307083322E-16
202.0 1.734178254742003E-16
203.0 1.793647700550414E-16
204.0 1.8545937042120893E-16
205.0 1.9170373380246855E-16
206.0 1.9809996844107412E-16
207.0 2.0465018338672923E-16
208.0 2.1135648801893397E-16
209.0 2.182209921395763E-16
210.0 2.252458052408128E-16
211.0 2.319612582268399E-16
212.0 2.379136669807706E-16
213.0 2.4396264559693074E-16
214.0 2.5010865578055093E-16
215.0 2.563521489003964E-16
216.0 2.6269356665176773E-16
217.0 2.691333405140443E-16
218.0 2.756718922590425E-16
219.0 2.823096338488777E-16
220.0 2.8904696765277567E-16
221.0 2.958842863360559E-16
222.0 3.028219730020104E-16
223.0 3.098604016614268E-16
224.0 3.1699993656965984E-16
225.0 3.242409330090472E-16
226.0 3.3158373705743885E-16
227.0 3.390286857066139E-16
228.0 3.4657610689791923E-16
229.0 3.542263199523066E-16
230.0 3.6197963517966064E-16
231.0 3.698363543550935E-16
232.0 3.777967706764544E-16
233.0 3.8586116875495854E-16
234.0 3.940298249337064E-16
235.0 4.023030072859452E-16
236.0 4.106809756530909E-16
237.0 4.1916398172790255E-16
238.0 4.2775226929143767E-16
239.0 4.3644607435925265E-16
240.0 4.452456250126933E-16
241.0 4.541511416366232E-16
242.0 4.6316283728089E-16
243.0 4.722809171546043E-16
244.0 4.815055794213718E-16
245.0 4.90837014853668E-16
246.0 5.002754068532051E-16
247.0 5.09820932056628E-16
248.0 5.194737599059802E-16
249.0 5.29234053206842E-16
250.0 5.391019675526905E-16
251.0 5.490776522575531E-16
252.0 5.591612500261576E-16
253.0 5.693528967143485E-16
254.0 5.79652722304246E-16
255.0 5.90060850030111E-16
256.0 6.005773972371161E-16
257.0 6.112024749407502E-16
258.0 6.219361884466238E-16
259.0 6.327786366822819E-16
260.0 6.437299133118627E-16
261.0 6.547901058474723E-16
262.0 6.659592962106672E-16
263.0 6.772375610367044E-16
264.0 6.886249713961695E-16
265.0 7.001215927138534E-16
266.0 7.117274855183293E-16
267.0 7.234427049214265E-16
268.0 7.352673010724295E-16
269.0 7.472013190027378E-16
270.0 7.592447987739977E-16
271.0 7.713977757937634E-16
272.0 7.836602804865838E-16
273.0 7.960323387699416E-16
274.0 8.08513971797003E-16
275.0 8.211051964444361E-16
276.0 8.338060250492288E-16
277.0 8.466164653827467E-16
278.0 8.595365210604365E-16
279.0 8.725661917053221E-16
280.0 8.857054725720264E-16
281.0 8.989543549641681E-16
282.0 9.123128262110657E-16
283.0 9.257808698244225E-16
284.0 9.393584651855206E-16
285.0 9.530455883566601E-16
286.0 9.668422113901932E-16
287.0 9.807483028598242E-16
288.0 9.947638277285268E-16
289.0 1.0088887475027927E-15
290.0 1.0231230204929053E-15
291.0 1.0374666011645298E-15
292.0 1.0519194413034974E-15
293.0 1.0664814891622761E-15
294.0 1.081152690023548E-15
295.0 1.0959329857292775E-15
296.0 1.1108223154674612E-15
297.0 1.1258206154071736E-15
298.0 1.1409278187455313E-15
299.0 1.1561438558641322E-15
300.0 1.1714686543787384E-15
301.0 1.186902139074593E-15
302.0 1.2024442324047073E-15
303.0 1.218094853745234E-15
304.0 1.2338539205817656E-15
305.0 1.2497213470584222E-15
306.0 1.2656970456414563E-15
307.0 1.2817809261215034E-15
308.0 1.2979728957628002E-15
309.0 1.3142728598237648E-15
310.0 1.330680721118537E-15
311.0 1.3471963806683832E-15
312.0 1.3638197368814926E-15
313.0 1.3805506864549958E-15
314.0 1.3973891237918563E-15
315.0 1.4143349415414825E-15
316.0 1.4313880302571834E-15
317.0 1.4485482785561557E-15
318.0 1.4658155734174334E-15
319.0 1.4831897998257678E-15
320.0 1.5006708412007666E-15
321.0 1.5182585788961369E-15
322.0 1.535952893038161E-15
323.0 1.5537536617493221E-15
324.0 1.5716607618594397E-15
325.0 1.5896740683881317E-15
326.0 1.6077934551298834E-15
327.0 1.626018793840088E-15
328.0 1.6443499555345095E-15
329.0 1.6627868095320263E-15
330.0 1.6813292236160644E-15
331.0 1.6999770646439867E-15
332.0 1.7187301976991515E-15
333.0 1.7375884872945928E-15
334.0 1.756551795917719E-15
335.0 1.775619985391213E-15
336.0 1.794792916152318E-15
337.0 1.8140704477307203E-15
338.0 1.8334524386246595E-15
339.0 1.8529387458556284E-15
340.0 1.87252922576428E-15
341.0 1.892223733568175E-15
342.0 1.9120221238592104E-15
343.0 1.9319242496680987E-15
344.0 1.9519299634376106E-15
345.0 1.9720391170544854E-15
346.0 1.9922515613854576E-15
347.0 2.012567145790804E-15
348.0 2.0329857199607474E-15
349.0 2.0535071316124564E-15
350.0 2.074131229352989E-15
351.0 2.094857859503545E-15
352.0 2.115686868300472E-15
353.0 2.136618101412961E-15
354.0 2.157651403962467E-15
355.0 2.1787866196616764E-15
356.0 2.2000235929287005E-15
357.0 2.2213621666276787E-15
358.0 2.2428021833065366E-15
359.0 2.2643434852193824E-15
360.0 2.2859859138018116E-15
361.0 2.307729310223653E-15
362.0 2.329573515040309E-15
363.0 2.3515183685718327E-15
364.0 2.3735637105483234E-15
365.0 2.3957093803043924E-15
366.0 2.4179552166018006E-15
367.0 2.4403010585879603E-15
368.0 2.4627467442961825E-15
369.0 2.485292111790058E-15
370.0 2.5079369986024694E-15
371.0 2.5306812419340796E-15
372.0 2.5535246790557257E-15
373.0 2.5764671469326417E-15
374.0 2.5995084818334794E-15
375.0 2.6226485205282536E-15
376.0 2.6458870987054132E-15
377.0 2.6692240527803368E-15
378.0 2.692659218297759E-15
379.0 2.7161924309458454E-15
380.0 2.7398235261596786E-15
381.0 2.763552339541433E-15
382.0 2.7873787056210337E-15
383.0 2.8113024605708187E-15
384.0 2.8353234384531896E-15
385.0 2.8594414750005277E-15
386.0 2.8836564046739897E-15
387.0 2.90796806214216E-15
388.0 2.932376282294582E-15
389.0 2.9568809002548382E-15
390.0 2.98148175073572E-15
391.0 3.006178668032685E-15
392.0 3.030971486904045E-15
393.0 3.0558600428116197E-15
394.0 3.080844169702298E-15
395.0 3.105923702899848E-15
396.0 3.13109847710619E-15
397.0 3.1563683275262276E-15
398.0 3.181733088737714E-15
399.0 3.207192596058437E-15
400.0 3.2327466846407714E-15
401.0 3.2583951897008588E-15
402.0 3.2841379472233947E-15
403.0 3.3099747916270453E-15
404.0 3.335905559273439E-15
405.0 3.361930085662219E-15
406.0 3.388048206842237E-15
407.0 3.4142597587031186E-15
408.0 3.44056457745255E-15
409.0 3.4669624996224577E-15
410.0 3.4934533615862066E-15
411.0 3.520037000533852E-15
412.0 3.5467132525151988E-15
413.0 3.573481955136117E-15
414.0 3.600342945849223E-15
415.0 3.627296061444304E-15
416.0 3.654341140798162E-15
417.0 3.681478021125216E-15
418.0 3.7087065409836655E-15
419.0 3.736026538002974E-15
420.0 3.763437851681733E-15
421.0 3.7909403203299434E-15
422.0 3.818533783887864E-15
423.0 3.846218080831122E-15
424.0 3.873993051272588E-15
425.0 3.9018585351530305E-15
426.0 3.929814372759103E-15
427.0 3.95786040392744E-15
428.0 3.985996470163311E-15
429.0 4.014222412526611E-15
430.0 4.042538072152844E-15
431.0 4.070943290518143E-15
432.0 4.0994379097117406E-15
433.0 4.12802177216902E-15
434.0 4.156694719847474E-15
435.0 4.185456596138795E-15
436.0 4.2143072439535375E-15
437.0 4.243246506815098E-15
438.0 4.2722742291449745E-15
439.0 4.30139025430746E-15
440.0 4.330594427117016E-15
441.0 4.3598865921609824E-15
442.0 4.389266594924494E-15
443.0 4.418734280657111E-15
444.0 4.448289495507473E-15
445.0 4.477932085091032E-15
446.0 4.50766189649735E-15
447.0 4.537478776275558E-15
448.0 4.5673825715819635E-15
449.0 4.597373130477316E-15
450.0 4.6274503004619765E-15
451.0 4.657613930230806E-15
452.0 4.687863867904388E-15
453.0 4.718199963395964E-15
454.0 4.748622065140271E-15
455.0 4.779130023364993E-15
456.0 4.809723688606318E-15
457.0 4.840402910489917E-15
458.0 4.871167540751516E-15
459.0 4.902017430207938E-15
460.0 4.932952431187568E-15
461.0 4.963972394463347E-15
462.0 4.9950771741707625E-15
463.0 5.026266621328945E-15
464.0 5.0575405909551524E-15
465.0 5.088898935231445E-15
466.0 5.1203415081625856E-15
467.0 5.151868165285977E-15
468.0 5.183478759880225E-15
469.0 5.215173148329932E-15
470.0 5.246951185694886E-15
471.0 5.278812727922665E-15
472.0 5.310757630887356E-15
473.0 5.342785752320691E-15
474.0 5.3748969482607096E-15
475.0 5.407091077251279E-15
476.0 5.439367996447665E-15
477.0 5.471727565197054E-15
478.0 5.504169640447035E-15
479.0 5.5366940829862934E-15
480.0 5.569300751851093E-15
481.0 5.601989506618472E-15
482.0 5.634760207405689E-15
483.0 5.667612716215442E-15
484.0 5.700546893245168E-15
485.0 5.733562599554139E-15
486.0 5.7666596977492305E-15
487.0 5.799838050636794E-15
488.0 5.833097519844133E-15
489.0 5.866437969571119E-15
490.0 5.899859263173811E-15
491.0 5.933361263831174E-15
492.0 5.966943836617489E-15
493.0 6.000606846082932E-15
494.0 6.0343501579844374E-15
495.0 6.068173636835809E-15
496.0 6.102077149049715E-15
497.0 6.1360605615447826E-15
498.0 6.170123740677823E-15
499.0 6.204266553649088E-15
500.0 6.238488867791113E-15