200.0 2.1288007102180987E-17
201.0 2.1916353217096602E-17
202.0 2.2556330112211462E-17
203.0 2.320798944325396E-17
204.0 2.3871380693146974E-17
205.0 2.45465511476718E-17
206.0 2.5233545951049362E-17
207.0 2.5932408074975668E-17
208.0 2.664317838128948E-17
209.0 2.7365895598160127E-17
210.0 2.8100596372084034E-17
211.0 2.884731526263427E-17
212.0 2.960608476277931E-17
213.0 3.0376935336514975E-17
214.0 3.115989541355827E-17
215.0 3.195499144102731E-17
216.0 3.276224787874983E-17
217.0 3.3581687236151955E-17
218.0 3.4413330084395476E-17
219.0 3.52571950861846E-17
220.0 3.611329902688135E-17
221.0 3.698165680854185E-17
222.0 3.786228151908469E-17
223.0 3.875518441244658E-17
224.0 3.9660374975249687E-17
225.0 4.057786091069952E-17
226.0 4.1507648191770974E-17
227.0 4.2449741069584055E-17
228.0 4.340414214559094E-17
229.0 4.437085230453791E-17
230.0 4.534987083538162E-17
231.0 4.634119541313565E-17
232.0 4.734482210522531E-17
233.0 4.836074547713009E-17
234.0 4.938895848844937E-17
235.0 5.042945267094752E-17
236.0 5.148221803448259E-17
237.0 5.2547243144983716E-17
238.0 5.362451516899288E-17
239.0 5.471401985425525E-17
240.0 5.581574156578822E-17
241.0 5.692966337038606E-17
242.0 5.805576697523954E-17
243.0 5.919403279781578E-17
244.0 6.034444001864146E-17
245.0 6.150696655721636E-17
246.0 6.268158912354424E-17
247.0 6.386828322747306E-17
248.0 6.506702324663676E-17
249.0 6.6277782391166E-17
250.0 6.750053279448543E-17
251.0 6.873524544481364E-17
252.0 6.998189032342631E-17
253.0 7.124043635875378E-17
254.0 7.25108514478561E-17
255.0 7.379310251903203E-17
256.0 7.508715553017272E-17
257.0 7.639297548179445E-17
258.0 7.771052649814112E-17
259.0 7.90397717726859E-17
260.0 8.038067361352126E-17
261.0 8.173319353532689E-17
262.0 8.309729216549617E-17
263.0 8.447292938040156E-17
264.0 8.586006424511073E-17
265.0 8.725865505980524E-17
266.0 8.866865940790243E-17
267.0 9.009003412851291E-17
268.0 9.152273541231811E-17
269.0 9.296671869459367E-17
270.0 9.442193883953537E-17
271.0 9.588835000139392E-17
272.0 9.736590579211569E-17
273.0 9.885455916852696E-17
274.0 1.0035426255144818E-16
275.0 1.0186496776038099E-16
276.0 1.0338662610322068E-16
277.0 1.0491918837286356E-16
278.0 1.0646260485300128E-16
279.0 1.0801682534502596E-16
280.0 1.095817991728515E-16
281.0 1.1115747519798656E-16
282.0 1.1274380190303098E-16
283.0 1.1434072729380654E-16
284.0 1.1594819900457912E-16
285.0 1.1756616426681207E-16
286.0 1.1919457000610044E-16
287.0 1.2083336271449897E-16
288.0 1.2248248859419555E-16
289.0 1.241418935241465E-16
290.0 1.2581152303587012E-16
291.0 1.2749132245001495E-16
292.0 1.2918123671549354E-16
293.0 1.308812105966121E-16
294.0 1.3259118854690451E-16
295.0 1.34311114822554E-16
296.0 1.360409334432751E-16
297.0 1.3778058821641388E-16
298.0 1.3953002277491052E-16
299.0 1.4128918050801883E-16
300.0 1.4305800470605432E-16
301.0 1.4483643847769279E-16
302.0 1.4662442470353443E-16
303.0 1.484219062532595E-16
304.0 1.5022882577437882E-16
305.0 1.52045125869026E-16
306.0 1.5387074894775716E-16
307.0 1.5570563742391436E-16
308.0 1.5754973359470382E-16
309.0 1.5940297963362666E-16
310.0 1.6126531771612818E-16
311.0 1.6313668994038113E-16
312.0 1.6501703834947104E-16
313.0 1.66906304969366E-16
314.0 1.6880443180186213E-16
315.0 1.707113608009974E-16
316.0 1.7262703394169315E-16
317.0 1.7455139319640435E-16
318.0 1.7648438058960675E-16
319.0 1.7842593806180232E-16
320.0 1.8037600761751164E-16
321.0 1.8233453136573656E-16
322.0 1.8430145138114965E-16
323.0 1.8627670977330474E-16
324.0 1.882602487919486E-16
325.0 1.9025201063442178E-16
326.0 1.9225193768357596E-16
327.0 1.9425997227893017E-16
328.0 1.9627605695763974E-16
329.0 1.9830013427361097E-16
330.0 2.0033214685190484E-16
331.0 2.0237203749778897E-16
332.0 2.0441974906286142E-16
333.0 2.0647522453617353E-16
334.0 2.0853840701354337E-16
335.0 2.1060923970126123E-16
336.0 2.1268766597405003E-16
337.0 2.147736292523316E-16
338.0 2.16867073242085E-16
339.0 2.1896794162850625E-16
340.0 2.2107617833491116E-16
341.0 2.231917274352195E-16
342.0 2.2531453311926235E-16
343.0 2.274445397515018E-16
344.0 2.295816919126848E-16
345.0 2.317259342694569E-16
346.0 2.338772117100302E-16
347.0 2.3603546928979224E-16
348.0 2.3820065221382053E-16
349.0 2.4037270593700746E-16
350.0 2.425515760292502E-16
351.0 2.4473720829528087E-16
352.0 2.469295487177173E-16
353.0 2.491285434382563E-16
354.0 2.5133413890086484E-16
355.0 2.5354628161083137E-16
356.0 2.5576491842057217E-16
357.0 2.5798999626600237E-16
358.0 2.602214623727148E-16
359.0 2.62459264154855E-16
360.0 2.647033491945723E-16
361.0 2.669536654114834E-16
362.0 2.692101607686468E-16
363.0 2.7147278361167284E-16
364.0 2.7374148245857254E-16
365.0 2.7601620597744367E-16
366.0 2.7829690318140037E-16
367.0 2.8058352321328154E-16
368.0 2.8287601549784243E-16
369.0 2.851743297436987E-16
370.0 2.874784157223928E-16
371.0 2.897882236225761E-16
372.0 2.9210370378503615E-16
373.0 2.944248067686074E-16
374.0 2.967514833953762E-16
375.0 2.99083684797223E-16
376.0 3.0142136218780956E-16
377.0 3.0376446720508644E-16
378.0 3.0611295161402856E-16
379.0 3.084667674202797E-16
380.0 3.1082586691683864E-16
381.0 3.13190202661369E-16
382.0 3.155597273816552E-16
383.0 3.1793439411623826E-16
384.0 3.203141561678009E-16
385.0 3.2269896705508816E-16
386.0 3.2508878043921063E-16
387.0 3.274835504603407E-16
388.0 3.298832313038254E-16
389.0 3.322877774886668E-16
390.0 3.3469714384428876E-16
391.0 3.371112853382044E-16
392.0 3.395301572465431E-16
393.0 3.4195371502990605E-16
394.0 3.443819145566494E-16
395.0 3.4681471177831942E-16
396.0 3.492520630031869E-16
397.0 3.5169392474531807E-16
398.0 3.541402537736622E-16
399.0 3.5659100711118787E-16
400.0 3.590461420596973E-16
401.0 3.6150561609601596E-16
402.0 3.6396938705102794E-16
403.0 3.6643741295440756E-16
404.0 3.6890965205856727E-16
405.0 3.7138606288954605E-16
406.0 3.738666042463495E-16
407.0 3.763512352002732E-16
408.0 3.788399150408928E-16
409.0 3.813326031939911E-16
410.0 3.8382925948644953E-16
411.0 3.863298440402997E-16
412.0 3.888343169746831E-16
413.0 3.9134263894289437E-16
414.0 3.938547706458114E-16
415.0 3.963706731278025E-16
416.0 3.9889030761234104E-16
417.0 4.0141363569252106E-16
418.0 4.039406190550004E-16
419.0 4.064712196981583E-16
420.0 4.090053998761542E-16
421.0 4.1154312206968595E-16
422.0 4.140843490123504E-16
423.0 4.166290436611358E-16
424.0 4.1917716922293942E-16
425.0 4.217286891532486E-16
426.0 4.242835670691093E-16
427.0 4.2684176700415105E-16
428.0 4.29403253065105E-16
429.0 4.319679896582199E-16
430.0 4.345359414308991E-16
431.0 4.3710707321206914E-16
432.0 4.3968135015556197E-16
433.0 4.4225873756442646E-16
434.0 4.448392009760068E-16
435.0 4.474227063078609E-16
436.0 4.500092194739803E-16
437.0 4.525987067651825E-16
438.0 4.551911347606466E-16
439.0 4.577864700880699E-16
440.0 4.603846797190032E-16
441.0 4.629857307885778E-16
442.0 4.655895907740446E-16
443.0 4.681962272223275E-16
444.0 4.70805608049847E-16
445.0 4.734177012382439E-16
446.0 4.760324752279967E-16
447.0 4.786498983065445E-16
448.0 4.812699394014577E-16
449.0 4.838925673439223E-16
450.0 4.865177513890094E-16
451.0 4.8914546084413E-16
452.0 4.917756653143163E-16
453.0 4.944083346392898E-16
454.0 4.970434388292961E-16
455.0 4.996809481257548E-16
456.0 5.02320832936702E-16
457.0 5.049630640245306E-16
458.0 5.076076121569477E-16
459.0 5.102544484528134E-16
460.0 5.129035441268875E-16
461.0 5.155548707750796E-16
462.0 5.182083999894425E-16
463.0 5.208641037404986E-16
464.0 5.235219540869709E-16
465.0 5.261819233671184E-16
466.0 5.288439840029609E-16
467.0 5.315081087579954E-16
468.0 5.341742704757683E-16
469.0 5.368424423719157E-16
470.0 5.395125976070804E-16
471.0 5.421847097438246E-16
472.0 5.448587523837813E-16
473.0 5.475346995289678E-16
474.0 5.50212525117028E-16
475.0 5.528922034499428E-16
476.0 5.55573709027445E-16
477.0 5.582570163776971E-16
478.0 5.60942100423628E-16
479.0 5.636289361129695E-16
480.0 5.663174986512726E-16
481.0 5.69007763433416E-16
482.0 5.716997059740443E-16
483.0 5.743933020415151E-16
484.0 5.770885276230582E-16
485.0 5.797853587179774E-16
486.0 5.824837716775662E-16
487.0 5.851837429300946E-16
488.0 5.8788524915067E-16
489.0 5.90588267052729E-16
490.0 5.93292773731948E-16
491.0 5.959987463192177E-16
492.0 5.98706162116902E-16
493.0 6.014149986672486E-16
494.0 6.041252336464812E-16
495.0 6.068368448276392E-16
496.0 6.09549810324834E-16
497.0 6.122641082052477E-16
498.0 6.149797169453483E-16
499.0 6.176966149353399E-16
500.0 6.204147808660394E-16