200.0 2.0107370565966637E-16
201.0 2.058086347548892E-16
202.0 2.1062136856410804E-16
203.0 2.1550898226040614E-16
204.0 2.2047188241433473E-16
205.0 2.2551046849929784E-16
206.0 2.30625132981818E-16
207.0 2.3581626152114114E-16
208.0 2.4108423265856266E-16
209.0 2.464294181162741E-16
210.0 2.518521827842296E-16
211.0 2.573528845298617E-16
212.0 2.6293187459218304E-16
213.0 2.685894972202555E-16
214.0 2.743260901186465E-16
215.0 2.801419839654376E-16
216.0 2.860375030572363E-16
217.0 2.920129649364984E-16
218.0 2.9806868029284974E-16
219.0 3.0420495364998155E-16
220.0 3.104220827411977E-16
221.0 3.167203588487349E-16
222.0 3.231000668398481E-16
223.0 3.2956148537259986E-16
224.0 3.3610488647230834E-16
225.0 3.4273053593879674E-16
226.0 3.4943869356730667E-16
227.0 3.5622961262040433E-16
228.0 3.6310354039002563E-16
229.0 3.7006071825136946E-16
230.0 3.771013811526682E-16
231.0 3.842257585349237E-16
232.0 3.914340734420346E-16
233.0 3.98726543462539E-16
234.0 4.0609638161528065E-16
235.0 4.1355780887930087E-16
236.0 4.2110400856441953E-16
237.0 4.287351751376809E-16
238.0 4.3645149745849354E-16
239.0 4.442531591438622E-16
240.0 4.521403380408708E-16
241.0 4.601132065819099E-16
242.0 4.681719321653533E-16
243.0 4.763166765503643E-16
244.0 4.845475965652308E-16
245.0 4.928648437720577E-16
246.0 5.012685643337082E-16
247.0 5.097588999909932E-16
248.0 5.183359869536504E-16
249.0 5.269999567639847E-16
250.0 5.35750935994291E-16
251.0 5.445890464761529E-16
252.0 5.535144054169854E-16
253.0 5.625271251379328E-16
254.0 5.716273134333119E-16
255.0 5.808150734952684E-16
256.0 5.900905039606547E-16
257.0 5.994536993584025E-16
258.0 6.089047495017697E-16
259.0 6.184437398594345E-16
260.0 6.280707519495573E-16
261.0 6.377858627059477E-16
262.0 6.475891452129325E-16
263.0 6.574806683406362E-16
264.0 6.674604969304481E-16
265.0 6.775286919160297E-16
266.0 6.876853103741783E-16
267.0 6.979304052002766E-16
268.0 7.082640259704848E-16
269.0 7.186862180956229E-16
270.0 7.291970236182951E-16
271.0 7.39796480728266E-16
272.0 7.504846241122523E-16
273.0 7.612614850030019E-16
274.0 7.721270910659952E-16
275.0 7.830814667650242E-16
276.0 7.941246330046935E-16
277.0 8.052566072466831E-16
278.0 8.164774040512957E-16
279.0 8.277870345428818E-16
280.0 8.391855067838248E-16
281.0 8.506527120652334E-16
282.0 8.622309950120637E-16
283.0 8.738960389863904E-16
284.0 8.856499260083477E-16
285.0 8.974905763465031E-16
286.0 9.094221293772877E-16
287.0 9.214445632171714E-16
288.0 9.335537258666375E-16
289.0 9.457496087717101E-16
290.0 9.580363152809859E-16
291.0 9.704138128323797E-16
292.0 9.828759124915667E-16
293.0 9.954287492584602E-16
294.0 1.008070237917184E-15
295.0 1.0208003451600172E-15
296.0 1.0336190352404667E-15
297.0 1.0465283075614258E-15
298.0 1.0595220105588193E-15
299.0 1.0726062129401284E-15
300.0 1.0857788330142784E-15
301.0 1.0990398238735163E-15
302.0 1.1123911599460136E-15
303.0 1.125826719893536E-15
304.0 1.1393525209165359E-15
305.0 1.1529685000484662E-15
306.0 1.1666705664108187E-15
307.0 1.1804606794381874E-15
308.0 1.194336769782215E-15
309.0 1.2083047990870233E-15
310.0 1.2223566754624033E-15
311.0 1.2365003500618649E-15
312.0 1.2507277470992515E-15
313.0 1.2650447987146254E-15
314.0 1.2794494331269417E-15
315.0 1.2939435685538091E-15
316.0 1.3085211558188538E-15
317.0 1.3231900802710523E-15
318.0 1.3379423113304048E-15
319.0 1.3527837310992846E-15
320.0 1.3677122716951624E-15
321.0 1.3827278509589183E-15
322.0 1.39783236250971E-15
323.0 1.4130197900590522E-15
324.0 1.4282979515809129E-15
325.0 1.443658863524794E-15
326.0 1.4591083556947775E-15
327.0 1.4746443651386853E-15
328.0 1.4902668006830469E-15
329.0 1.5059755695832612E-15
330.0 1.5217705783233988E-15
331.0 1.5376517317189413E-15
332.0 1.5536208917953151E-15
333.0 1.5696720885324575E-15
334.0 1.5858110968521076E-15
335.0 1.6020358596555826E-15
336.0 1.6183482268605392E-15
337.0 1.634744195829338E-15
338.0 1.6512236707205556E-15
339.0 1.66779044160587E-15
340.0 1.6844443991376082E-15
341.0 1.7011796126765311E-15
342.0 1.718003740643862E-15
343.0 1.7349089200961105E-15
344.0 1.7519008582648495E-15
345.0 1.7689775089641975E-15
346.0 1.786140695466856E-15
347.0 1.8033864428803916E-15
348.0 1.820714645197343E-15
349.0 1.8381290511307606E-15
350.0 1.8556295457277512E-15
351.0 1.87316689206998E-15
352.0 1.890833476369194E-15
353.0 1.9085838827429175E-15
354.0 1.926417997402464E-15
355.0 1.9443357053212706E-15
356.0 1.9623368914892353E-15
357.0 1.9804214401471613E-15
358.0 1.998589234630705E-15
359.0 2.0168401581745927E-15
360.0 2.0351740936117665E-15
361.0 2.0535909224078884E-15
362.0 2.072090527105624E-15
363.0 2.0906727885751547E-15
364.0 2.1093375876475333E-15
365.0 2.1280848044679322E-15
366.0 2.146914319169973E-15
367.0 2.1658260117280596E-15
368.0 2.1848197609522805E-15
369.0 2.2038954460150374E-15
370.0 2.2230529454485305E-15
371.0 2.242292137144777E-15
372.0 2.2616128994014596E-15
373.0 2.2810151100752643E-15
374.0 2.3004986460569865E-15
375.0 2.320063384679176E-15
376.0 2.3397092030313985E-15
377.0 2.3594359776093896E-15
378.0 2.3792435846731703E-15
379.0 2.3991319009801885E-15
380.0 2.4191008021692922E-15
381.0 2.4391501642094933E-15
382.0 2.4592798628666196E-15
383.0 2.4794897738936617E-15
384.0 2.4997797726663457E-15
385.0 2.5201497343688637E-15
386.0 2.5405995343739754E-15
387.0 2.5611290474960396E-15
388.0 2.5817329035075238E-15
389.0 2.602426713721767E-15
390.0 2.6231893825732556E-15
391.0 2.6440417316087485E-15
392.0 2.664962714815595E-15
393.0 2.6859730992507434E-15
394.0 2.7070571006882472E-15
395.0 2.7282198133649505E-15
396.0 2.749461111490247E-15
397.0 2.7707808698962927E-15
398.0 2.792178962446379E-15
399.0 2.8136552642352227E-15
400.0 2.8352096489798102E-15
401.0 2.856841991027956E-15
402.0 2.8785470243014037E-15
403.0 2.9003400458279376E-15
404.0 2.9222003760732405E-15
405.0 2.9441484235157793E-15
406.0 2.966168669152202E-15
407.0 2.988266118523793E-15
408.0 3.0104406466729254E-15
409.0 3.0326921272135405E-15
410.0 3.055020435289799E-15
411.0 3.0774254458987836E-15
412.0 3.0999070330266574E-15
413.0 3.1224650720116727E-15
414.0 3.1450942735465518E-15
415.0 3.167810004251436E-15
416.0 3.190591459147744E-15
417.0 3.2134592434055473E-15
418.0 3.2363976669186654E-15
419.0 3.2594117925418466E-15
420.0 3.2825014973486288E-15
421.0 3.305666656294333E-15
422.0 3.328907146012721E-15
423.0 3.352222842583166E-15
424.0 3.3756136222023046E-15
425.0 3.3990793621033155E-15
426.0 3.4226199385043383E-15
427.0 3.4462352286657434E-15
428.0 3.4699251102130035E-15
429.0 3.4936894604401346E-15
430.0 3.517528157469638E-15
431.0 3.541441078851438E-15
432.0 3.565428103199449E-15
433.0 3.58948910878107E-15
434.0 3.613623974455622E-15
435.0 3.637832579677506E-15
436.0 3.662114802812614E-15
437.0 3.686470524247748E-15
438.0 3.7108996232642414E-15
439.0 3.735401979952919E-15
440.0 3.759977474728254E-15
441.0 3.784625988075126E-15
442.0 3.809347400536205E-15
443.0 3.834141593194805E-15
444.0 3.859008447173248E-15
445.0 3.883947843368544E-15
446.0 3.908959663940879E-15
447.0 3.934043790558862E-15
448.0 3.959200104881592E-15
449.0 3.9844284893080595E-15
450.0 4.0097288262123175E-15
451.0 4.0351009979301294E-15
452.0 4.060544887261035E-15
453.0 4.086060376949307E-15
454.0 4.111647350191448E-15
455.0 4.137305690114265E-15
456.0 4.163035280026597E-15
457.0 4.188836003152471E-15
458.0 4.214707743942333E-15
459.0 4.240650385442674E-15
460.0 4.2666638119236065E-15
461.0 4.292747907831777E-15
462.0 4.318902557791753E-15
463.0 4.345127644993668E-15
464.0 4.371423056028158E-15
465.0 4.397788674715919E-15
466.0 4.4242243861394874E-15
467.0 4.450725442871623E-15
468.0 4.477173039927833E-15
469.0 4.503818340753938E-15
470.0 4.530533277253543E-15
471.0 4.55731773558596E-15
472.0 4.584171601871617E-15
473.0 4.611094764433582E-15
474.0 4.638087109916374E-15
475.0 4.66514852579494E-15
476.0 4.692278900113034E-15
477.0 4.7194781214989906E-15
478.0 4.746746078611742E-15
479.0 4.774082660717E-15
480.0 4.801487756841263E-15
481.0 4.828961257785083E-15
482.0 4.856503053267634E-15
483.0 4.884113034517126E-15
484.0 4.9117910928422515E-15
485.0 4.939537119631376E-15
486.0 4.9673510072297835E-15
487.0 4.995232648951801E-15
488.0 5.023181937615528E-15
489.0 5.051198767303123E-15
490.0 5.0792830315898776E-15
491.0 5.107434625611874E-15
492.0 5.1356534445837756E-15
493.0 5.163939384385965E-15
494.0 5.192292340957062E-15
495.0 5.2207122108817074E-15
496.0 5.249198891382202E-15
497.0 5.277752280308478E-15
498.0 5.306372275820807E-15
499.0 5.335058776370945E-15
500.0 5.363811680374707E-15