200.0 9.177182343173878E-17
201.0 9.319279405093081E-17
202.0 9.463460250871602E-17
203.0 9.609771776596071E-17
204.0 9.758175459995222E-17
205.0 9.908718258298849E-17
206.0 1.0061390367943195E-16
207.0 1.0216266714363647E-16
208.0 1.0373337392098235E-16
209.0 1.0532648784407874E-16
210.0 1.0694135203151833E-16
211.0 1.0857899018267411E-16
212.0 1.1023860465291468E-16
213.0 1.119217829493733E-16
214.0 1.136280033791446E-16
215.0 1.15357448254282E-16
216.0 1.1711029947378936E-16
217.0 1.188867386851219E-16
218.0 1.2068694718757009E-16
219.0 1.225111059271715E-16
220.0 1.2435939549275762E-16
221.0 1.262319961130413E-16
222.0 1.281290876218737E-16
223.0 1.300508494058054E-16
224.0 1.3199701607725334E-16
225.0 1.3396909956561707E-16
226.0 1.3596594466728165E-16
227.0 1.3798817352747775E-16
228.0 1.4003596341836945E-16
229.0 1.4210949111237293E-16
230.0 1.4420893290078796E-16
231.0 1.463344645602391E-16
232.0 1.4848626139151749E-16
233.0 1.5066449822476933E-16
234.0 1.528693492948685E-16
235.0 1.5510098833710018E-16
236.0 1.5735958859423913E-16
237.0 1.5964532265105924E-16
238.0 1.6195836264980747E-16
239.0 1.6429845125829976E-16
240.0 1.6666704599225828E-16
241.0 1.6906303070781595E-16
242.0 1.7148700406685873E-16
243.0 1.7393913526668156E-16
244.0 1.7641959291676973E-16
245.0 1.7892854502853337E-16
246.0 1.814661590262966E-16
247.0 1.840326016955081E-16
248.0 1.8662803917164903E-16
249.0 1.8925263703810524E-16
250.0 1.919065601884917E-16
251.0 1.945899729257074E-16
252.0 1.9730303888803224E-16
253.0 2.0004592099394165E-16
254.0 2.0281878170484394E-16
255.0 2.056217826565272E-16
256.0 2.0845508489956394E-16
257.0 2.1131884877729127E-16
258.0 2.1421323408277747E-16
259.0 2.1713576930675556E-16
260.0 2.2009188107756945E-16
261.0 2.2307908935141886E-16
262.0 2.2609755113636327E-16
263.0 2.2914742288695576E-16
264.0 2.3222886025183787E-16
265.0 2.3534201823985867E-16
266.0 2.384870512677681E-16
267.0 2.4166411297729266E-16
268.0 2.448733563563637E-16
269.0 2.4811493368250644E-16
270.0 2.513889965701306E-16
271.0 2.546956959668271E-16
272.0 2.5803518214973237E-16
273.0 2.614076046669375E-16
274.0 2.648131124144379E-16
275.0 2.6825185354979823E-16
276.0 2.717239755987955E-16
277.0 2.752296253403341E-16
278.0 2.7876894897261076E-16
279.0 2.8234209191146247E-16
280.0 2.8594919895835576E-16
281.0 2.895904141232216E-16
282.0 2.932658808551553E-16
283.0 2.9697574189477967E-16
284.0 3.0072007466004214E-16
285.0 3.044992140486267E-16
286.0 3.0831310724731583E-16
287.0 3.1216195873837463E-16
288.0 3.160458421447808E-16
289.0 3.1996509320014723E-16
290.0 3.239196527166462E-16
291.0 3.279097237400382E-16
292.0 3.319354428094424E-16
293.0 3.3599687873631855E-16
294.0 3.4009436833971164E-16
295.0 3.442278446816799E-16
296.0 3.483975088599318E-16
297.0 3.5260349421053933E-16
298.0 3.5684593329049213E-16
299.0 3.611249581137901E-16
300.0 3.654407000156925E-16
301.0 3.6979328961542995E-16
302.0 3.741828568481195E-16
303.0 3.786095311417457E-16
304.0 3.830734412056162E-16
305.0 3.875747150994146E-16
306.0 3.9211348019558686E-16
307.0 3.9668986339914037E-16
308.0 4.013039908180693E-16
309.0 4.059559878314555E-16
310.0 4.106459795029499E-16
311.0 4.1537409001913677E-16
312.0 4.2014044302629583E-16
313.0 4.2493968249205683E-16
314.0 4.2978289731555404E-16
315.0 4.3466472161399056E-16
316.0 4.395852767314545E-16
317.0 4.445446831207595E-16
318.0 4.495430608183595E-16
319.0 4.545805290844009E-16
320.0 4.596572066841543E-16
321.0 4.647732118508901E-16
322.0 4.699286620794365E-16
323.0 4.751236743314472E-16
324.0 4.803583650380024E-16
325.0 4.856328499735742E-16
326.0 4.909472443398494E-16
327.0 4.96301662722849E-16
328.0 5.016962193550239E-16
329.0 5.071310275938362E-16
330.0 5.126062004002506E-16
331.0 5.181218501214891E-16
332.0 5.236780885800062E-16
333.0 5.292750270298166E-16
334.0 5.34912776110653E-16
335.0 5.405914460775762E-16
336.0 5.463111463882434E-16
337.0 5.520719861167357E-16
338.0 5.578740739129618E-16
339.0 5.637175175784249E-16
340.0 5.696024246316258E-16
341.0 5.755289019309546E-16
342.0 5.814970559142331E-16
343.0 5.875069923086622E-16
344.0 5.935588167182866E-16
345.0 5.996526336923219E-16
346.0 6.057885476599287E-16
347.0 6.119666624396536E-16
348.0 6.181870812364261E-16
349.0 6.244499068949175E-16
350.0 6.307552417503736E-16
351.0 6.371031875249225E-16
352.0 6.4349384563854E-16
353.0 6.499273166359242E-16
354.0 6.564037010773057E-16
355.0 6.629230987003945E-16
356.0 6.694856089481937E-16
357.0 6.760913306504911E-16
358.0 6.827403622931319E-16
359.0 6.894328016929249E-16
360.0 6.961687464903794E-16
361.0 7.029482934906102E-16
362.0 7.097715394943681E-16
363.0 7.166385804654579E-16
364.0 7.235495119742148E-16
365.0 7.305044294299066E-16
366.0 7.375034275135672E-16
367.0 7.445466004598103E-16
368.0 7.516340421746555E-16
369.0 7.587658461221064E-16
370.0 7.659421052652832E-16
371.0 7.731629121843686E-16
372.0 7.80428359078914E-16
373.0 7.877385375883506E-16
374.0 7.950935389710447E-16
375.0 8.024934543517899E-16
376.0 8.099383739905922E-16
377.0 8.174283879523743E-16
378.0 8.2496358598962595E-16
379.0 8.32544057231263E-16
380.0 8.40169890556457E-16
381.0 8.478411745365216E-16
382.0 8.555579969246284E-16
383.0 8.633204456769771E-16
384.0 8.711286079318602E-16
385.0 8.789825705856356E-16
386.0 8.868824200344415E-16
387.0 8.948121100504682E-16
388.0 9.028039998974085E-16
389.0 9.108420336824181E-16
390.0 9.189262963320258E-16
391.0 9.270581787512812E-16
392.0 9.352338463004142E-16
393.0 9.434573017784148E-16
394.0 9.517273225106069E-16
395.0 9.600452937065978E-16
396.0 9.68408692738266E-16
397.0 9.768176052874595E-16
398.0 9.852747146212853E-16
399.0 9.93778801503871E-16
400.0 1.0023312444793183E-15
401.0 1.0109282326991976E-15
402.0 1.019573738856178E-15
403.0 1.0282665461855592E-15
404.0 1.0370080280710166E-15
405.0 1.0457943835770558E-15
406.0 1.0546308646536504E-15
407.0 1.0635123813823312E-15
408.0 1.0724428880325348E-15
409.0 1.0814211709521852E-15
410.0 1.0904485968208407E-15
411.0 1.0995226658406436E-15
412.0 1.1086434577497449E-15
413.0 1.1178136242267882E-15
414.0 1.1270332395388143E-15
415.0 1.1362985248501543E-15
416.0 1.1456146954339017E-15
417.0 1.1549766912548618E-15
418.0 1.1643884387507524E-15
419.0 1.173850010944191E-15
420.0 1.1833576388919942E-15
421.0 1.1929152413401583E-15
422.0 1.2025216113900922E-15
423.0 1.2121768231239147E-15
424.0 1.2218809505090842E-15
425.0 1.231635344257575E-15
426.0 1.2414362461396246E-15
427.0 1.2512875607675738E-15
428.0 1.2611880834772555E-15
429.0 1.271139161579486E-15
430.0 1.2811370434428289E-15
431.0 1.2911856246932222E-15
432.0 1.3012837023494483E-15
433.0 1.311431347799372E-15
434.0 1.3216299034711138E-15
435.0 1.3318768970639177E-15
436.0 1.342172400719917E-15
437.0 1.35252029543738E-15
438.0 1.362915571739884E-15
439.0 1.3733633765689255E-15
440.0 1.3838587043731374E-15
441.0 1.3944054300897076E-15
442.0 1.4050023541355312E-15
443.0 1.4156508119242801E-15
444.0 1.4263483383930737E-15
445.0 1.4370962689158516E-15
446.0 1.4478934065974665E-15
447.0 1.4587436140258316E-15
448.0 1.4696418998827094E-15
449.0 1.4805921251198186E-15
450.0 1.4915943552594274E-15
451.0 1.5026448678777977E-15
452.0 1.5137487812257057E-15
453.0 1.5249011119524441E-15
454.0 1.536106973904681E-15
455.0 1.5473613872363358E-15
456.0 1.5586682010482167E-15
457.0 1.5700262202593409E-15
458.0 1.581435509524611E-15
459.0 1.5928973931599127E-15
460.0 1.604409417528453E-15
461.0 1.6159716478712127E-15
462.0 1.6275879242896667E-15
463.0 1.639253277629487E-15
464.0 1.6509715462111971E-15
465.0 1.6627415356466756E-15
466.0 1.6745633092868107E-15
467.0 1.6864369307074073E-15
468.0 1.6983637188425387E-15
469.0 1.7103399685114748E-15
470.0 1.7223707659190863E-15
471.0 1.7344511511495303E-15
472.0 1.7465849528060281E-15
473.0 1.7587709776110612E-15
474.0 1.7710092873102305E-15
475.0 1.783301197515845E-15
476.0 1.7956430078541997E-15
477.0 1.8080397947554327E-15
478.0 1.8204878585119757E-15
479.0 1.8329872604933883E-15
480.0 1.845540567546227E-15
481.0 1.858146586945955E-15
482.0 1.870805379029006E-15
483.0 1.8835170039414374E-15
484.0 1.8962444176195797E-15
485.0 1.9090618808864863E-15
486.0 1.9219323557347463E-15
487.0 1.934855901654265E-15
488.0 1.947832578058412E-15
489.0 1.9608624435960233E-15
490.0 1.9739455569460923E-15
491.0 1.9870819771704107E-15
492.0 2.0002717625602257E-15
493.0 2.0135149710905625E-15
494.0 2.0268066490951163E-15
495.0 2.0401568766663122E-15
496.0 2.05356571710405E-15
497.0 2.067023198084483E-15
498.0 2.0805293721651124E-15
499.0 2.0940993534126213E-15
500.0 2.107718141950534E-15