200.0 1.8201929338603346E-16
201.0 1.8731353515047343E-16
202.0 1.9272139305597802E-16
203.0 1.9824431768409756E-16
204.0 2.0388376190714207E-16
205.0 2.0964118095340173E-16
206.0 2.1551803190154143E-16
207.0 2.2151577404387674E-16
208.0 2.276358681593328E-16
209.0 2.338797771478955E-16
210.0 2.402489651643231E-16
211.0 2.467448980585179E-16
212.0 2.5336904293514676E-16
213.0 2.6012286826572475E-16
214.0 2.6700784367504043E-16
215.0 2.740254396420262E-16
216.0 2.811771279246531E-16
217.0 2.8846438098859404E-16
218.0 2.958886718816789E-16
219.0 3.034514746250683E-16
220.0 3.1115426361424824E-16
221.0 3.1899851378497324E-16
222.0 3.269857003078144E-16
223.0 3.351172989906993E-16
224.0 3.433947854692653E-16
225.0 3.5181963569963426E-16
226.0 3.603933257478963E-16
227.0 3.691173314248897E-16
228.0 3.779931285071916E-16
229.0 3.870150039061374E-16
230.0 3.9619880061871404E-16
231.0 4.0553881467902585E-16
232.0 4.150365205680396E-16
233.0 4.24693392473304E-16
234.0 4.345109038017367E-16
235.0 4.444905276224545E-16
236.0 4.546337360647532E-16
237.0 4.649420006130593E-16
238.0 4.754167917573323E-16
239.0 4.860595795463082E-16
240.0 4.968718326664233E-16
241.0 5.078550188168861E-16
242.0 5.190106051354342E-16
243.0 5.303400567990531E-16
244.0 5.41844838856926E-16
245.0 5.535264143153957E-16
246.0 5.653862451881957E-16
247.0 5.774257923932142E-16
248.0 5.896465150299103E-16
249.0 6.02049871252437E-16
250.0 6.146373174773536E-16
251.0 6.274103085902723E-16
252.0 6.403702983264359E-16
253.0 6.535187382134089E-16
254.0 6.668570787468201E-16
255.0 6.803867682416144E-16
256.0 6.941092537505417E-16
257.0 7.080259804201256E-16
258.0 7.221383914294874E-16
259.0 7.364479283365888E-16
260.0 7.509560310486616E-16
261.0 7.656641369520884E-16
262.0 7.805736821853652E-16
263.0 7.956861005219513E-16
264.0 8.110028240884051E-16
265.0 8.265252827236077E-16
266.0 8.422549044619318E-16
267.0 8.581931147749688E-16
268.0 8.743413379926267E-16
269.0 8.907009951544182E-16
270.0 9.07273506100776E-16
271.0 9.24060288140336E-16
272.0 9.410627562855546E-16
273.0 9.582823235135763E-16
274.0 9.756958347070155E-16
275.0 9.933537825387646E-16
276.0 1.0112356158463894E-15
277.0 1.0293350543319983E-15
278.0 1.0476637548649705E-15
279.0 1.066212841482384E-15
280.0 1.0849940066546539E-15
281.0 1.103998329157073E-15
282.0 1.123237537114099E-15
283.0 1.1427052606331753E-15
284.0 1.1624054737214812E-15
285.0 1.1823369535487679E-15
286.0 1.2025062924946602E-15
287.0 1.2229148867308933E-15
288.0 1.2435588823360026E-15
289.0 1.2644396384836123E-15
290.0 1.2855637802723533E-15
291.0 1.3069326950987161E-15
292.0 1.3285398288080348E-15
293.0 1.3503944677675558E-15
294.0 1.3724953345106486E-15
295.0 1.3948437887080463E-15
296.0 1.4174411878444924E-15
297.0 1.4402915602796696E-15
298.0 1.4633882387127254E-15
299.0 1.4867405923705874E-15
300.0 1.510347295336433E-15
301.0 1.5342096925178312E-15
302.0 1.5583318255483836E-15
303.0 1.5827069346014432E-15
304.0 1.6073444561739646E-15
305.0 1.6322457407811319E-15
306.0 1.6574066937824723E-15
307.0 1.6828313546431376E-15
308.0 1.7085183164224394E-15
309.0 1.734477104342093E-15
310.0 1.7606980921100609E-15
311.0 1.7871935712030554E-15
312.0 1.8139538591518837E-15
313.0 1.8409885281697932E-15
314.0 1.868296136482763E-15
315.0 1.895880773384887E-15
316.0 1.923735400800149E-15
317.0 1.951872461573546E-15
318.0 1.9802820877013133E-15
319.0 2.0089739638200535E-15
320.0 2.037946589738296E-15
321.0 2.0672012575876676E-15
322.0 2.0967420872473135E-15
323.0 2.1265618774822578E-15
324.0 2.156673242128593E-15
325.0 2.187066111555642E-15
326.0 2.217750287360433E-15
327.0 2.248724205222927E-15
328.0 2.279989140428713E-15
329.0 2.311546363851698E-15
330.0 2.343397144703898E-15
331.0 2.3755427493498353E-15
332.0 2.407987314787066E-15
333.0 2.4407234845103754E-15
334.0 2.4737611347148066E-15
335.0 2.5070986491124947E-15
336.0 2.5407401712706087E-15
337.0 2.574681179022939E-15
338.0 2.6089229035390707E-15
339.0 2.6434723874527002E-15
340.0 2.6783308971989625E-15
341.0 2.7134909191983024E-15
342.0 2.748965385737992E-15
343.0 2.7846773490201683E-15
344.0 2.8207696033689385E-15
345.0 2.857174145392827E-15
346.0 2.893892203377009E-15
347.0 2.930925002584514E-15
348.0 2.968265524294778E-15
349.0 3.0059314647068337E-15
350.0 3.043915809308943E-15
351.0 3.082228049652667E-15
352.0 3.120852859056314E-15
353.0 3.1597997128312504E-15
354.0 3.199069819471721E-15
355.0 3.238664383833467E-15
356.0 3.2785846094557854E-15
357.0 3.3188316972870383E-15
358.0 3.3594068448760365E-15
359.0 3.400311248507499E-15
360.0 3.441546101073887E-15
361.0 3.483112592871441E-15
362.0 3.525011912721983E-15
363.0 3.567245246057957E-15
364.0 3.609813776313129E-15
365.0 3.6527186849561434E-15
366.0 3.695961150076743E-15
367.0 3.739542348984107E-15
368.0 3.7834634553443815E-15
369.0 3.827725640323927E-15
370.0 3.872330074994276E-15
371.0 3.915044420149379E-15
372.0 3.957727988046858E-15
373.0 4.000712770839715E-15
374.0 4.043999638807859E-15
375.0 4.0875894614089426E-15
376.0 4.1314831054287144E-15
377.0 4.17568143621338E-15
378.0 4.220185317357633E-15
379.0 4.2649956103743166E-15
380.0 4.310113175320361E-15
381.0 4.355538870467029E-15
382.0 4.401273550960308E-15
383.0 4.4473180730771604E-15
384.0 4.493673287607642E-15
385.0 4.540340046788792E-15
386.0 4.587319197933732E-15
387.0 4.634611589125206E-15
388.0 4.682209310376523E-15
389.0 4.730139466677154E-15
390.0 4.7783679743920824E-15
391.0 4.8269304160271115E-15
392.0 4.875793057131416E-15
393.0 4.9249911416736625E-15
394.0 4.974499757149128E-15
395.0 5.024328315803096E-15
396.0 5.074477647071834E-15
397.0 5.124948578312636E-15
398.0 5.175741934434081E-15
399.0 5.226858538641836E-15
400.0 5.278299211330114E-15
401.0 5.330064772359334E-15
402.0 5.382147330425645E-15
403.0 5.434573827791822E-15
404.0 5.4873100563489865E-15
405.0 5.5403922217213494E-15
406.0 5.593794449317417E-15
407.0 5.647526442839562E-15
408.0 5.701589009700325E-15
409.0 5.755982955605899E-15
410.0 5.810709084194475E-15
411.0 5.865768198703487E-15
412.0 5.9211610995830104E-15
413.0 5.976888588228601E-15
414.0 6.032940991986073E-15
415.0 6.089350519675851E-15
416.0 6.146075750500125E-15
417.0 6.203160370199824E-15
418.0 6.260572753336841E-15
419.0 6.318324499364246E-15
420.0 6.376416400517149E-15
421.0 6.4348492486049486E-15
422.0 6.493623832383178E-15
423.0 6.552740942806659E-15
424.0 6.612201366413904E-15
425.0 6.672005892391495E-15
426.0 6.7321553049617736E-15
427.0 6.792650390055472E-15
428.0 6.8534919312264094E-15
429.0 6.9146807109431965E-15
430.0 6.976217511463525E-15
431.0 7.03810311199343E-15
432.0 7.100338291858735E-15
433.0 7.162923828108264E-15
434.0 7.225860496841698E-15
435.0 7.289149071706931E-15
436.0 7.352790325726531E-15
437.0 7.416785030277499E-15
438.0 7.481133953545503E-15
439.0 7.545837863854E-15
440.0 7.610897525190829E-15
441.0 7.67631370155524E-15
442.0 7.74208715494918E-15
443.0 7.808218643299711E-15
444.0 7.874708924415826E-15
445.0 7.941558752428531E-15
446.0 8.008768880285574E-15
447.0 8.076340057687968E-15
448.0 8.144273034172864E-15
449.0 8.212568553930243E-15
450.0 8.281227362047271E-15
451.0 8.350250199314645E-15
452.0 8.419637805397488E-15
453.0 8.489390917296692E-15
454.0 8.559510269384941E-15
455.0 8.629996595084796E-15
456.0 8.700850626974449E-15
457.0 8.771809030721692E-15
458.0 8.843400134280806E-15
459.0 8.915361124061929E-15
460.0 8.987692725809505E-15
461.0 9.060395661032997E-15
462.0 9.13347065327927E-15
463.0 9.206918421512772E-15
464.0 9.280739687598585E-15
465.0 9.354935169624713E-15
466.0 9.42950558426877E-15
467.0 9.504451650994473E-15
468.0 9.579774085822098E-15
469.0 9.655473605499756E-15
470.0 9.731550928249112E-15
471.0 9.80800676974884E-15
472.0 9.884841844373052E-15
473.0 9.96205687250146E-15
474.0 1.003965256862989E-14
475.0 1.011762965104939E-14
476.0 1.0195988835871708E-14
477.0 1.0274730843808203E-14
478.0 1.0353856391013325E-14
479.0 1.0433366197716597E-14
480.0 1.051326098394189E-14
481.0 1.0593541468854842E-14
482.0 1.0674208374520337E-14
483.0 1.0755262421468404E-14
484.0 1.0836704331803066E-14
485.0 1.0918534827881472E-14
486.0 1.1000754631585814E-14
487.0 1.1083364468126361E-14
488.0 1.1166365056835561E-14
489.0 1.1249757124739796E-14
490.0 1.1333541392708575E-14
491.0 1.141771858314902E-14
492.0 1.1502289420570739E-14
493.0 1.1587254626096626E-14
494.0 1.1672614921278707E-14
495.0 1.1758371026585627E-14
496.0 1.1844523660525589E-14
497.0 1.1931073542872164E-14
498.0 1.2018021391075399E-14
499.0 1.2105367918648106E-14
500.0 1.219311383980159E-14