200.0 2.0370513204305617E-35
201.0 2.5719288838778805E-35
202.0 3.2403982120378593E-35
203.0 4.0741068829595286E-35
204.0 5.111790040509127E-35
205.0 6.400769129750452E-35
206.0 7.998726753028674E-35
207.0 9.97586271950007E-35
208.0 1.2417455908074401E-34
209.0 1.5426877479180294E-34
210.0 1.9129237641763499E-34
211.0 2.3675634909779865E-34
212.0 2.924829669346283E-34
213.0 3.6066559916582586E-34
214.0 4.439398272012694E-34
215.0 5.45466943494593E-34
216.0 6.690270807712881E-34
217.0 8.19157904881342E-34
218.0 1.0012565380789194E-33
219.0 1.2217607332153468E-33
220.0 1.4883296047304632E-33
221.0 1.8100609127885685E-33
222.0 2.1977443926212537E-33
223.0 2.6641566618100307E-33
224.0 3.224404030489476E-33
225.0 3.8963204002462956E-33
226.0 4.700928448443304E-33
227.0 5.662977243129664E-33
228.0 6.811539955573073E-33
229.0 8.180764270168496E-33
230.0 9.810654638998527E-33
231.0 1.1748036065064037E-32
232.0 1.404763602284932E-32
233.0 1.677333089839709E-32
234.0 1.9999585742468315E-32
235.0 2.3813048820174734E-32
236.0 2.8314482733062194E-32
237.0 3.3620862487251445E-32
238.0 3.9867803194802434E-32
239.0 4.72124102670426E-32
240.0 5.583574310603186E-32
241.0 6.594874798403773E-32
242.0 7.779302536103666E-32
243.0 9.164757533268893E-32
244.0 1.0783351822034818E-31
245.0 1.2672001662322488E-31
246.0 1.4873096694487517E-31
247.0 1.743525524592029E-31
248.0 2.0414175911410664E-31
249.0 2.3873596639995516E-31
250.0 2.7886346439392207E-31
251.0 3.253569460743629E-31
252.0 3.7916438926826442E-31
253.0 4.413666593124278E-31
254.0 5.131952339990372E-31
255.0 5.960471432189777E-31
256.0 6.91512879835005E-31
257.0 8.013932532292177E-31
258.0 9.27731536875579E-31
259.0 1.0728406749518363E-30
260.0 1.23933599621798E-30
261.0 1.4301766661175171E-30
262.0 1.6486974723488393E-30
263.0 1.8986635162908018E-30
264.0 2.1843161120290576E-30
265.0 2.5104296791954286E-30
266.0 2.8823737411208883E-30
267.0 3.30618153151244E-30
268.0 3.788625852661377E-30
269.0 4.3373028671435604E-30
270.0 4.960660236070522E-30
271.0 5.668340984354538E-30
272.0 6.470972165856038E-30
273.0 7.380432876822047E-30
274.0 8.410054786969873E-30
275.0 9.574672589731766E-30
276.0 1.089084819375716E-29
277.0 1.237697204225455E-29
278.0 1.4053617732630898E-29
279.0 1.5943533205297518E-29
280.0 1.8072119455531325E-29
281.0 2.0467527735149676E-29
282.0 2.3160938645057045E-29
283.0 2.6186958934589275E-29
284.0 2.958401547066143E-29
285.0 3.339442758601857E-29
286.0 3.766522706585078E-29
287.0 4.24482581606055E-29
288.0 4.780085689780421E-29
289.0 5.378610876446025E-29
290.0 6.047387252921477E-29
291.0 6.794099407232234E-29
292.0 7.627189628383258E-29
293.0 8.55599378867045E-29
294.0 9.590721835449896E-29
295.0 1.074264642558411E-28
296.0 1.2024115124723731E-28
297.0 1.3448696909905027E-28
298.0 1.5031229353358216E-28
299.0 1.6788040088591417E-28
300.0 1.8736966492531205E-28
301.0 2.089754357368838E-28
302.0 2.3291139146543245E-28
303.0 2.5941128817031446E-28
304.0 2.8872975855381845E-28
305.0 3.2114613292976437E-28
306.0 3.569635529549962E-28
307.0 3.9651409308841987E-28
308.0 4.4015255812709E-28
309.0 4.882841225364171E-28
310.0 5.413312720729001E-28
311.0 5.9975976560617405E-28
312.0 6.640759667650637E-28
313.0 7.348300654134924E-28
314.0 8.126195292776552E-28
315.0 8.980927987334813E-28
316.0 9.919532404037157E-28
317.0 1.094963375933387E-27
318.0 1.2079494013143237E-27
319.0 1.331806015587571E-27
320.0 1.467501577141971E-27
321.0 1.616083606546806E-27
322.0 1.7786846566802253E-27
323.0 1.9565285714523935E-27
324.0 2.150937155555295E-27
325.0 2.363337278552811E-27
326.0 2.5952684389642977E-27
327.0 2.8483908117303215E-27
328.0 3.1244938109107767E-27
329.0 3.425505187743523E-27
330.0 3.75350070370148E-27
331.0 4.110714401588362E-27
332.0 4.499549510943951E-27
333.0 4.9225900198417414E-27
334.0 5.382612947890107E-27
335.0 5.882601364175033E-27
336.0 6.42575817379195E-27
337.0 7.015520727545144E-27
338.0 7.655576293733458E-27
339.0 8.349878424268774E-27
340.0 9.10266427914427E-27
341.0 9.91847293846417E-27
342.0 1.080216476268841E-26
343.0 1.1758941848026317E-26
344.0 1.2794369636059925E-26
345.0 1.3914399711706423E-26
346.0 1.5125393884439927E-26
347.0 1.6434149576598025E-26
348.0 1.7847926591206536E-26
349.0 1.9374475349168445E-26
350.0 2.102206661243116E-26
351.0 2.2799068184284603E-26
352.0 2.471576629068516E-26
353.0 2.678176100002959E-26
354.0 2.900773449651564E-26
355.0 3.1405063193809674E-26
356.0 3.3985858127631E-26
357.0 3.676300736119446E-26
358.0 3.9750220557436935E-26
359.0 4.29620757664614E-26
360.0 4.6414068533240203E-26
361.0 5.012266349574222E-26
362.0 5.41053484095394E-26
363.0 5.838069086430033E-26
364.0 6.296839775996594E-26
365.0 6.788937757242393E-26
366.0 7.316580561965033E-26
367.0 7.882119237706055E-26
368.0 8.488045508467029E-26
369.0 9.136999255728711E-26
370.0 9.83177635286131E-26
371.0 1.0575336858658704E-25
372.0 1.137081358348411E-25
373.0 1.22215210381097E-25
374.0 1.3130964786559326E-25
375.0 1.4102851222789388E-25
376.0 1.5141097763723273E-25
377.0 1.6249843503129688E-25
378.0 1.7433460324968136E-25
379.0 1.8696564495875392E-25
380.0 2.0044028751715605E-25
381.0 2.148099491523771E-25
382.0 2.301288702090263E-25
383.0 2.46454250218372E-25
384.0 2.6384639041042583E-25
385.0 2.821538123255732E-25
386.0 3.008774323292144E-25
387.0 3.2073833391037435E-25
388.0 3.4179897537468405E-25
389.0 3.6412486448393967E-25
390.0 3.877846875706672E-25
391.0 4.128504432962394E-25
392.0 4.393975808619003E-25
393.0 4.675051431722841E-25
394.0 4.972559151555359E-25
395.0 5.287365765429484E-25
396.0 5.620378604312167E-25
397.0 5.972547170054182E-25
398.0 6.344864824236241E-25
399.0 6.738370537919154E-25
400.0 7.154150694639116E-25
401.0 7.593340954297868E-25
402.0 8.057128179218933E-25
403.0 8.546752414842776E-25
404.0 9.063508945360686E-25
405.0 9.60875040028054E-25
406.0 1.0183888939027377E-24
407.0 1.0790398498317173E-24
408.0 1.1429817105513818E-24
409.0 1.2103749270968858E-24
410.0 1.2813615764488727E-24
411.0 1.3561655487476964E-24
412.0 1.4349445711379013E-24
413.0 1.5178882212946692E-24
414.0 1.6051940307354068E-24
415.0 1.6970677704617634E-24
416.0 1.79372374341838E-24
417.0 1.8953850860727036E-24
418.0 2.002284078497094E-24
419.0 2.1146624635181073E-24
420.0 2.232771774609833E-24
421.0 2.3568736721302857E-24
422.0 2.487235092910101E-24
423.0 2.624154593705355E-24
424.0 2.7679107405248357E-24
425.0 2.918814460518361E-24
426.0 3.0771834383723363E-24
427.0 3.2433477115575594E-24
428.0 3.41765007335379E-24
429.0 3.6004395681388805E-24
430.0 3.792106540971664E-24
431.0 3.9930138283189584E-24
432.0 4.203566457162175E-24
433.0 4.4241774793852756E-24
434.0 4.655275373246828E-24
435.0 4.897304525300338E-24
436.0 5.150725726483551E-24
437.0 5.416016684192569E-24
438.0 5.693672541426002E-24
439.0 5.984206408234232E-24
440.0 6.288149913896146E-24
441.0 6.606053760917598E-24
442.0 6.93848830265031E-24
443.0 7.28604412683174E-24
444.0 7.64933265583389E-24
445.0 8.028986760346173E-24
446.0 8.425661390336518E-24
447.0 8.84003420925366E-24
448.0 9.272806260566146E-24
449.0 9.724702632692961E-24
450.0 1.0196473144687585E-23
451.0 1.0688893051034592E-23
452.0 1.1202763755689826E-23
453.0 1.173891354461767E-23
454.0 1.2298180405416884E-23
455.0 1.2881502427745182E-23
456.0 1.3489739308849558E-23
457.0 1.4123852429613414E-23
458.0 1.4784816016490808E-23
459.0 1.5473635911534107E-23
460.0 1.619135041277001E-23
461.0 1.6939031136343717E-23
462.0 1.771778390122507E-23
463.0 1.8528749625696616E-23
464.0 1.9373105239877858E-23
465.0 2.0252064625292657E-23
466.0 2.1166879562418602E-23
467.0 2.2118840707568405E-23
468.0 2.3109278575870316E-23
469.0 2.413956455166518E-23
470.0 2.5211111917034394E-23
471.0 2.632537689028686E-23
472.0 2.7483859703557564E-23
473.0 2.868810568057128E-23
474.0 2.9939706343028803E-23
475.0 3.124030053171901E-23
476.0 3.259157555864299E-23
477.0 3.3995268364979976E-23
478.0 3.545316671469783E-23
479.0 3.69670684711875E-23
480.0 3.853899244765913E-23
481.0 4.017076041146675E-23
482.0 4.1864417600459054E-23
483.0 4.362202438609349E-23
484.0 4.544569952308916E-23
485.0 4.7337621477389103E-23
486.0 4.930002976557439E-23
487.0 5.1335226372791323E-23
488.0 5.344557712405105E-23
489.0 5.56335130965521E-23
490.0 5.790153210983356E-23
491.0 6.025220016486294E-23
492.0 6.268652843348649E-23
493.0 6.52104226389802E-23
494.0 6.782526602664742E-23
495.0 7.053355930367391E-23
496.0 7.33382157838158E-23
497.0 7.62426177735454E-23
498.0 7.924966685877515E-23
499.0 8.236273834569166E-23
500.0 8.558445731144533E-23