200.0 1.384558764525601E-14
201.0 1.3857070818843993E-14
202.0 1.3866330892256101E-14
203.0 1.3873367356628861E-14
204.0 1.3882840603855878E-14
205.0 1.389475029269949E-14
206.0 1.3902104056004668E-14
207.0 1.3911893242845974E-14
208.0 1.3924117776142887E-14
209.0 1.3934115254337338E-14
210.0 1.394421605532563E-14
211.0 1.3954419680131935E-14
212.0 1.3964725624064502E-14
213.0 1.3975133398786525E-14
214.0 1.3985642503277478E-14
215.0 1.3996252453353755E-14
216.0 1.4006962754726336E-14
217.0 1.4017772930409357E-14
218.0 1.4026348240157795E-14
219.0 1.403969095663872E-14
220.0 1.405079785403268E-14
221.0 1.4062002705282433E-14
222.0 1.407096877315195E-14
223.0 1.4084704393793672E-14
224.0 1.409620029900825E-14
225.0 1.410545424757723E-14
226.0 1.411947992091507E-14
227.0 1.4131262723380373E-14
228.0 1.4143140253079151E-14
229.0 1.4152771296663547E-14
230.0 1.4167177696077266E-14
231.0 1.4176994462410064E-14
232.0 1.4191588703350191E-14
233.0 1.4203933203872394E-14
234.0 1.421636978481771E-14
235.0 1.422597046616074E-14
236.0 1.4241091894552994E-14
237.0 1.42512993513773E-14
238.0 1.426409954931339E-14
239.0 1.4276989694558064E-14
240.0 1.4292476195134578E-14
241.0 1.4305546183452397E-14
242.0 1.4318704925310112E-14
243.0 1.433195201690459E-14
244.0 1.434528706769203E-14
245.0 1.4356196796198998E-14
246.0 1.43697053049055E-14
247.0 1.438581604515972E-14
248.0 1.4399499029527044E-14
249.0 1.441074990029731E-14
250.0 1.442460319612451E-14
251.0 1.4438541746355177E-14
252.0 1.4452565191522374E-14
253.0 1.4466673155467824E-14
254.0 1.448339047841446E-14
255.0 1.4495141219239427E-14
256.0 1.450950060382917E-14
257.0 1.452647275593565E-14
258.0 1.453846831147867E-14
259.0 1.455560871413807E-14
260.0 1.457029998712708E-14
261.0 1.45850730024885E-14
262.0 1.4599927428047627E-14
263.0 1.4614862928371735E-14
264.0 1.4627338322700005E-14
265.0 1.464243331546627E-14
266.0 1.4660152609625906E-14
267.0 1.4675409155597617E-14
268.0 1.4688197489854127E-14
269.0 1.4706160319020482E-14
270.0 1.4719103112773305E-14
271.0 1.473467384332049E-14
272.0 1.4750322784058023E-14
273.0 1.4768606261787317E-14
274.0 1.4781854083448387E-14
275.0 1.4800296199911955E-14
276.0 1.481369463459891E-14
277.0 1.482973015028633E-14
278.0 1.4845842109691133E-14
279.0 1.4864598228180072E-14
280.0 1.487829422646533E-14
281.0 1.4894633821812287E-14
282.0 1.4911048745510635E-14
283.0 1.492753871860966E-14
284.0 1.4944103472325658E-14
285.0 1.4963322754680583E-14
286.0 1.4977456257975834E-14
287.0 1.4994243761744424E-14
288.0 1.5011104993907265E-14
289.0 1.5030628070294796E-14
290.0 1.504763812091958E-14
291.0 1.5064721154060862E-14
292.0 1.508187691706318E-14
293.0 1.509650815845439E-14
294.0 1.5116405655514802E-14
295.0 1.5131176716285453E-14
296.0 1.5151222385592463E-14
297.0 1.5168738152758468E-14
298.0 1.5186325206549377E-14
299.0 1.520137285368048E-14
300.0 1.5221712242871698E-14
301.0 1.523689669685194E-14
302.0 1.525738166669939E-14
303.0 1.5272701959228756E-14
304.0 1.5290709564048424E-14
305.0 1.5311411355449385E-14
306.0 1.532956051810784E-14
307.0 1.534514966271232E-14
308.0 1.536606646515956E-14
309.0 1.5381788655557078E-14
310.0 1.5400211200657884E-14
311.0 1.5418702167150392E-14
312.0 1.5439902934408914E-14
313.0 1.5455888556663516E-14
314.0 1.5477230176962817E-14
315.0 1.5493346216368923E-14
316.0 1.5514827959472167E-14
317.0 1.5531073568701357E-14
318.0 1.5550037898846187E-14
319.0 1.5569069073275122E-14
320.0 1.5588166905890783E-14
321.0 1.560999585248234E-14
322.0 1.5629229081691178E-14
323.0 1.5648528429044718E-14
324.0 1.566522112077468E-14
325.0 1.5684649486905185E-14
326.0 1.5704143418471803E-14
327.0 1.5726383417276985E-14
328.0 1.5746010681317008E-14
329.0 1.5765703005539952E-14
330.0 1.57827713308186E-14
331.0 1.5802590499025624E-14
332.0 1.5822474205498984E-14
333.0 1.584511950704183E-14
334.0 1.5862434574586182E-14
335.0 1.5885213761188797E-14
336.0 1.5902651135673703E-14
337.0 1.5925563617338035E-14
338.0 1.594312260798189E-14
339.0 1.5966167812024477E-14
340.0 1.5983847738704066E-14
341.0 1.6004305041882174E-14
342.0 1.6024825298539812E-14
343.0 1.6048134262369404E-14
344.0 1.606605408005786E-14
345.0 1.6089494108295905E-14
346.0 1.6107532902824595E-14
347.0 1.6128365717135076E-14
348.0 1.6149260606516076E-14
349.0 1.6170217432865076E-14
350.0 1.619123605350378E-14
351.0 1.6215066138127586E-14
352.0 1.6236210984199245E-14
353.0 1.6254661314372106E-14
354.0 1.627868472662158E-14
355.0 1.6297251290838703E-14
356.0 1.631863782027547E-14
357.0 1.634285347535301E-14
358.0 1.6364364704193492E-14
359.0 1.6383162006083592E-14
360.0 1.6407568853534555E-14
361.0 1.6429261519923354E-14
362.0 1.6451014417687633E-14
363.0 1.6470040221007082E-14
364.0 1.6491910008729735E-14
365.0 1.6516633250125174E-14
366.0 1.6538625839450072E-14
367.0 1.6557877991076643E-14
368.0 1.658278976731274E-14
369.0 1.6602154309245093E-14
370.0 1.662438141462961E-14
371.0 1.664666766859659E-14
372.0 1.6671829365290627E-14
373.0 1.6694236877972757E-14
374.0 1.6716703211250467E-14
375.0 1.6736401892127614E-14
376.0 1.6761811902005216E-14
377.0 1.6781620979540476E-14
378.0 1.6804318141443647E-14
379.0 1.6827073569923412E-14
380.0 1.6852730351229494E-14
381.0 1.687275881292447E-14
382.0 1.6895688418498822E-14
383.0 1.6918675877733733E-14
384.0 1.6944577949379027E-14
385.0 1.6967684259660247E-14
386.0 1.6987984370054413E-14
387.0 1.7014069470979973E-14
388.0 1.703734817624326E-14
389.0 1.706068415500292E-14
390.0 1.7084077306275284E-14
391.0 1.710752753731364E-14
392.0 1.712815001164299E-14
393.0 1.715171058385771E-14
394.0 1.717532794754805E-14
395.0 1.7199002005983035E-14
396.0 1.7222732672875496E-14
397.0 1.7249422394094993E-14
398.0 1.727326959589701E-14
399.0 1.7297173149172585E-14
400.0 1.731821962087448E-14
401.0 1.7345148956540415E-14
402.0 1.736630043492243E-14
403.0 1.7393349125788455E-14
404.0 1.7414605226960065E-14
405.0 1.74388414044781E-14
406.0 1.7463133324249884E-14
407.0 1.748748090680248E-14
408.0 1.7511884067647654E-14
409.0 1.7539289079154693E-14
410.0 1.7563806879369463E-14
411.0 1.758838003009212E-14
412.0 1.761300845223429E-14
413.0 1.7637692068882022E-14
414.0 1.7659465740509026E-14
415.0 1.768425574089568E-14
416.0 1.770910069504127E-14
417.0 1.7734000528240567E-14
418.0 1.7758955164106823E-14
419.0 1.7783964530631504E-14
420.0 1.7812016408650814E-14
421.0 1.7837138852241973E-14
422.0 1.7862315817330345E-14
423.0 1.7887547234389492E-14
424.0 1.7912833032004782E-14
425.0 1.7935166006853838E-14
426.0 1.7963567486972746E-14
427.0 1.7986001091839078E-14
428.0 1.801451863016873E-14
429.0 1.8037052552535813E-14
430.0 1.8062659251938907E-14
431.0 1.8088319846470904E-14
432.0 1.8114034264272433E-14
433.0 1.814284094313375E-14
434.0 1.8168666781561317E-14
435.0 1.8194546261763695E-14
436.0 1.8220479317477168E-14
437.0 1.824341146166172E-14
438.0 1.8269447478182874E-14
439.0 1.829553686951236E-14
440.0 1.8321679580506E-14
441.0 1.8347875545268177E-14
442.0 1.837719924859303E-14
443.0 1.8400426996289004E-14
444.0 1.842678236368047E-14
445.0 1.8456277480077655E-14
446.0 1.8482742903825504E-14
447.0 1.850616632274589E-14
448.0 1.8532733398727382E-14
449.0 1.856245638094224E-14
450.0 1.858913308618561E-14
451.0 1.861586246997442E-14
452.0 1.863952896670596E-14
453.0 1.8669479052323825E-14
454.0 1.8693242320938887E-14
455.0 1.8720177698209302E-14
456.0 1.874716546742771E-14
457.0 1.8774205576985695E-14
458.0 1.8804438515965483E-14
459.0 1.8831587349249042E-14
460.0 1.8855639411970242E-14
461.0 1.8886041533654395E-14
462.0 1.891018936701471E-14
463.0 1.8937542408800696E-14
464.0 1.8968113330585405E-14
465.0 1.899557453180053E-14
466.0 1.901991317943896E-14
467.0 1.9047473818431664E-14
468.0 1.9075086231559227E-14
469.0 1.9102750371053834E-14
470.0 1.9130466187277915E-14
471.0 1.9158233631042882E-14
472.0 1.918925288904169E-14
473.0 1.9217127779036257E-14
474.0 1.924184526060914E-14
475.0 1.9273031997033327E-14
476.0 1.929784362011874E-14
477.0 1.9325919844167206E-14
478.0 1.935404736684758E-14
479.0 1.9382226147603712E-14
480.0 1.9413691267120142E-14
481.0 1.9438737291060872E-14
482.0 1.9470313508035055E-14
483.0 1.9498701277991402E-14
484.0 1.9527140091061156E-14
485.0 1.9552372676783743E-14
486.0 1.958417066631061E-14
487.0 1.96127623422029E-14
488.0 1.9641404888589914E-14
489.0 1.9666823204189704E-14
490.0 1.969556288093404E-14
491.0 1.9724353292990272E-14
492.0 1.9753194399412166E-14
493.0 1.978208615697591E-14
494.0 1.9814326063481534E-14
495.0 1.9843323522109097E-14
496.0 1.9872371522093145E-14
497.0 1.9901470017822895E-14
498.0 1.992730330228689E-14
499.0 1.99564981227035E-14
500.0 1.998574331512837E-14