200.0 3.494259910933054E-17
201.0 3.5664388134366535E-17
202.0 3.639485064432482E-17
203.0 3.713397851764021E-17
204.0 3.788176246002283E-17
205.0 3.863819202246225E-17
206.0 3.940325564644085E-17
207.0 4.017694063907492E-17
208.0 4.0959233262693157E-17
209.0 4.1750118687376453E-17
210.0 4.254958103617339E-17
211.0 4.3357603450187013E-17
212.0 4.417416801994739E-17
213.0 4.4999255921145166E-17
214.0 4.5832847308225605E-17
215.0 4.66749214524659E-17
216.0 4.7525456675281906E-17
217.0 4.8384430446814706E-17
218.0 4.925181932236829E-17
219.0 5.0127599029463906E-17
220.0 5.101174446043471E-17
221.0 5.1904229696350704E-17
222.0 5.2805028037952493E-17
223.0 5.371411200273635E-17
224.0 5.463141058986983E-17
225.0 5.55570231657565E-17
226.0 5.64897087769707E-17
227.0 5.743165547915939E-17
228.0 5.838173942835765E-17
229.0 5.933992892835094E-17
230.0 6.030619166489643E-17
231.0 6.128049472254837E-17
232.0 6.226280456262639E-17
233.0 6.325308709939699E-17
234.0 6.425130763053074E-17
235.0 6.525743098430211E-17
236.0 6.627142140173656E-17
237.0 6.729324264541358E-17
238.0 6.83229593158639E-17
239.0 6.936023019096886E-17
240.0 7.04053215967914E-17
241.0 7.145809410622851E-17
242.0 7.251850916835912E-17
243.0 7.358652782152382E-17
244.0 7.466211074146107E-17
245.0 7.574521817603359E-17
246.0 7.683581005379987E-17
247.0 7.793384593539797E-17
248.0 7.903928503386194E-17
249.0 8.015208624434991E-17
250.0 8.127220819329366E-17
251.0 8.239960914816395E-17
252.0 8.353424714900514E-17
253.0 8.467607994522927E-17
254.0 8.582506505361919E-17
255.0 8.69812483692425E-17
256.0 8.814432098230755E-17
257.0 8.931450563197858E-17
258.0 9.049167033284824E-17
259.0 9.167577149738137E-17
260.0 9.28667653557646E-17
261.0 9.406460800637154E-17
262.0 9.526925532214521E-17
263.0 9.647878379920929E-17
264.0 9.769692086487476E-17
265.0 9.89217293731984E-17
266.0 1.0015316472515024E-16
267.0 1.013911822429068E-16
268.0 1.0263573711283671E-16
269.0 1.0388678443557379E-16
270.0 1.0514427926690097E-16
271.0 1.0640817661494274E-16
272.0 1.0767843135709857E-16
273.0 1.089549983925618E-16
274.0 1.102378325480022E-16
275.0 1.1152688864077906E-16
276.0 1.1282212141573207E-16
277.0 1.141234856792237E-16
278.0 1.1543093616517217E-16
279.0 1.16744427646159E-16
280.0 1.1806391491626318E-16
281.0 1.1938935269944122E-16
282.0 1.2072069586013278E-16
283.0 1.220578992148917E-16
284.0 1.234009176339673E-16
285.0 1.2474970604667483E-16
286.0 1.2610421940858518E-16
287.0 1.2746441278149601E-16
288.0 1.2883024121121688E-16
289.0 1.3020165987096129E-16
290.0 1.315786239893958E-16
291.0 1.3296108889310388E-16
292.0 1.3434900993175112E-16
293.0 1.357423426256093E-16
294.0 1.371410425513946E-16
295.0 1.3854506537110547E-16
296.0 1.3995436688890046E-16
297.0 1.413689030144094E-16
298.0 1.4278862973796545E-16
299.0 1.442135031875411E-16
300.0 1.4564347964591648E-16
301.0 1.4707851547011987E-16
302.0 1.4851856719076143E-16
303.0 1.4996359145886938E-16
304.0 1.5141354504752227E-16
305.0 1.5286838492516673E-16
306.0 1.54328068129008E-16
307.0 1.5579255193899091E-16
308.0 1.5726179372131203E-16
309.0 1.5873575100159055E-16
310.0 1.602143814961113E-16
311.0 1.6169764308437647E-16
312.0 1.6318549379544016E-16
313.0 1.6467789180868279E-16
314.0 1.6617479551515605E-16
315.0 1.6767616344356533E-16
316.0 1.6917762891822489E-16
317.0 1.7068827092240136E-16
318.0 1.722023594828279E-16
319.0 1.7372119510618395E-16
320.0 1.752442901604798E-16
321.0 1.7677160427920393E-16
322.0 1.7830353316560234E-16
323.0 1.7983872933002809E-16
324.0 1.8137889198123957E-16
325.0 1.8292225118657232E-16
326.0 1.844700620791943E-16
327.0 1.8602185397035846E-16
328.0 1.8757758788472832E-16
329.0 1.8913722500399828E-16
330.0 1.9070072676499132E-16
331.0 1.9226805476089833E-16
332.0 1.938395862418813E-16
333.0 1.9541403698987143E-16
334.0 1.9699261551927915E-16
335.0 1.9857486879076986E-16
336.0 2.0016116735266812E-16
337.0 2.0175065645124148E-16
338.0 2.0334330478240738E-16
339.0 2.049398857289252E-16
340.0 2.065403572272645E-16
341.0 2.0814348166411653E-16
342.0 2.0975082098740825E-16
343.0 2.1136074871855444E-16
344.0 2.129744193933857E-16
345.0 2.145914008019552E-16
346.0 2.1621204705744316E-16
347.0 2.1783554272050878E-16
348.0 2.1946185839436117E-16
349.0 2.210917327217254E-16
350.0 2.2272512596202654E-16
351.0 2.243612379611669E-16
352.0 2.260000399809382E-16
353.0 2.276422573781432E-16
354.0 2.292874762948168E-16
355.0 2.309360374436897E-16
356.0 2.3258678570964663E-16
357.0 2.3424081030665877E-16
358.0 2.3589770461874684E-16
359.0 2.375574362018546E-16
360.0 2.3921997286807074E-16
361.0 2.4088564861826314E-16
362.0 2.4255333376276254E-16
363.0 2.4422409465547565E-16
364.0 2.4589753399462755E-16
365.0 2.4757398191595477E-16
366.0 2.492523237611414E-16
367.0 2.509336125533782E-16
368.0 2.5261745657694746E-16
369.0 2.5430418185207885E-16
370.0 2.5599268931745906E-16
371.0 2.5768437168967215E-16
372.0 2.593777822291409E-16
373.0 2.6107430280406174E-16
374.0 2.6277249892519015E-16
375.0 2.6447339321396745E-16
376.0 2.661769517554512E-16
377.0 2.6788210956024746E-16
378.0 2.6958987461617147E-16
379.0 2.7129987323822177E-16
380.0 2.7301241535933416E-16
381.0 2.7472679542076575E-16
382.0 2.7644299158721537E-16
383.0 2.7816197883980147E-16
384.0 2.7988239734374207E-16
385.0 2.816052167831623E-16
386.0 2.833304051760793E-16
387.0 2.8505695490232235E-16
388.0 2.8678582075387146E-16
389.0 2.8851664951565993E-16
390.0 2.902494152565835E-16
391.0 2.919844133303544E-16
392.0 2.937206548753029E-16
393.0 2.9545907787195323E-16
394.0 2.971920867485688E-16
395.0 2.989341802398314E-16
396.0 3.006780590150838E-16
397.0 3.024236985382152E-16
398.0 3.041710743839166E-16
399.0 3.0592016238762905E-16
400.0 3.076709385778865E-16
401.0 3.0942337906316396E-16
402.0 3.1117660061375383E-16
403.0 3.129331587290688E-16
404.0 3.1468960023819765E-16
405.0 3.164493144232454E-16
406.0 3.182097256371987E-16
407.0 3.199716620499584E-16
408.0 3.2173510107909153E-16
409.0 3.2350002031505564E-16
410.0 3.252663975425109E-16
411.0 3.2703421069372156E-16
412.0 3.288034378471131E-16
413.0 3.3057405734071875E-16
414.0 3.323452235794062E-16
415.0 3.3411938721715255E-16
416.0 3.3589323183185097E-16
417.0 3.3767003004627455E-16
418.0 3.3944729135309955E-16
419.0 3.4122581825218424E-16
420.0 3.430055902208937E-16
421.0 3.4478658697157013E-16
422.0 3.4656878831079405E-16
423.0 3.483521742087519E-16
424.0 3.501367248933564E-16
425.0 3.519224206846016E-16
426.0 3.537092421117498E-16
427.0 3.554971699367857E-16
428.0 3.572861849626018E-16
429.0 3.5907626826993154E-16
430.0 3.608674010728319E-16
431.0 3.6265956476466474E-16
432.0 3.6445274091620005E-16
433.0 3.6624691120071537E-16
434.0 3.6804205760952164E-16
435.0 3.6983816213427846E-16
436.0 3.7163520700637737E-16
437.0 3.7343317459678998E-16
438.0 3.752320475107795E-16
439.0 3.770318083637496E-16
440.0 3.788324400227273E-16
441.0 3.8063392543067685E-16
442.0 3.82436247775512E-16
443.0 3.8423939033828995E-16
444.0 3.860433365137409E-16
445.0 3.8784806980620343E-16
446.0 3.8965357397592407E-16
447.0 3.914598327607351E-16
448.0 3.9326683009733154E-16
449.0 3.950745500684173E-16
450.0 3.968829768746181E-16
451.0 3.986920947302167E-16
452.0 4.0050188808804956E-16
453.0 4.023123414858547E-16
454.0 4.041234395439458E-16
455.0 4.05935167039958E-16
456.0 4.077475087541973E-16
457.0 4.095604497501047E-16
458.0 4.1137397506646946E-16
459.0 4.1318806989627353E-16
460.0 4.1500271956132046E-16
461.0 4.1681790943494053E-16
462.0 4.1863362509783546E-16
463.0 4.2044985215769233E-16
464.0 4.2226657637983253E-16
465.0 4.2408378366283313E-16
466.0 4.2590145998779485E-16
467.0 4.2771890748160073E-16
468.0 4.2953816431877474E-16
469.0 4.313564544941757E-16
470.0 4.331765798761988E-16
471.0 4.349956545869374E-16
472.0 4.3681659919817534E-16
473.0 4.386371772900793E-16
474.0 4.404581169678483E-16
475.0 4.4227940545288906E-16
476.0 4.441010300383217E-16
477.0 4.459229781696247E-16
478.0 4.477452374990778E-16
479.0 4.495677957790674E-16
480.0 4.513906408885817E-16
481.0 4.532137608326536E-16
482.0 4.550371438767666E-16
483.0 4.568607782755919E-16
484.0 4.586846525416773E-16
485.0 4.605087553356781E-16
486.0 4.623330753003613E-16
487.0 4.641576014116293E-16
488.0 4.659823227033712E-16
489.0 4.678072282906286E-16
490.0 4.696323074476388E-16
491.0 4.714575496589542E-16
492.0 4.732829443949771E-16
493.0 4.7510848129932E-16
494.0 4.769333033535869E-16
495.0 4.787591184934812E-16
496.0 4.805858433198943E-16
497.0 4.824118475466687E-16
498.0 4.842372114739736E-16
499.0 4.860641222284761E-16
500.0 4.878903732172162E-16