200.0 1.8497014209278357E-17
201.0 1.911842921961996E-17
202.0 1.9755434460111814E-17
203.0 2.0408315387869968E-17
204.0 2.1077310203545773E-17
205.0 2.176261111184994E-17
206.0 2.2464162957963598E-17
207.0 2.3182873206146955E-17
208.0 2.391863877293439E-17
209.0 2.4671658834352508E-17
210.0 2.5442295403867864E-17
211.0 2.623066658523668E-17
212.0 2.7037013189991726E-17
213.0 2.7861655792435076E-17
214.0 2.8704794385807206E-17
215.0 2.956666920905594E-17
216.0 3.044752042985718E-17
217.0 3.134762723790094E-17
218.0 3.2267112251571185E-17
219.0 3.320633257887336E-17
220.0 3.4165488694936776E-17
221.0 3.5144819963424326E-17
222.0 3.614460370439125E-17
223.0 3.716500210453723E-17
224.0 3.820625414751136E-17
225.0 3.926867392084178E-17
226.0 4.035246109500034E-17
227.0 4.145785301910719E-17
228.0 4.258508660120177E-17
229.0 4.373443535716468E-17
230.0 4.49060239272242E-17
231.0 4.6099373211084214E-17
232.0 4.731633589649124E-17
233.0 4.855631714297287E-17
234.0 4.981955062563259E-17
235.0 5.1106269448979665E-17
236.0 5.2416706037951907E-17
237.0 5.375109216129327E-17
238.0 5.5109658888714254E-17
239.0 5.649253837232309E-17
240.0 5.790025487492963E-17
241.0 5.933274264608193E-17
242.0 6.079032798758885E-17
243.0 6.227323819438016E-17
244.0 6.378169975556498E-17
245.0 6.531593831949796E-17
246.0 6.687617868082936E-17
247.0 6.846264477673831E-17
248.0 7.00755596448298E-17
249.0 7.171514541163122E-17
250.0 7.338162330759546E-17
251.0 7.507521359183518E-17
252.0 7.679613559290345E-17
253.0 7.854460766750586E-17
254.0 8.03208472020252E-17
255.0 8.212507055165285E-17
256.0 8.395749310643043E-17
257.0 8.581832917521252E-17
258.0 8.770779212177984E-17
259.0 8.962609419043803E-17
260.0 9.157344656656674E-17
261.0 9.355005940472984E-17
262.0 9.555614173584231E-17
263.0 9.759190154690003E-17
264.0 9.965520319125176E-17
265.0 1.0175094383382997E-16
266.0 1.0387697908684707E-16
267.0 1.0603351243117377E-16
268.0 1.0822074622960605E-16
269.0 1.1043888167161383E-16
270.0 1.126881188213272E-16
271.0 1.14968656574267E-16
272.0 1.172806926231068E-16
273.0 1.1962442354685503E-16
274.0 1.2200004469279723E-16
275.0 1.2440775021642056E-16
276.0 1.2684773311311208E-16
277.0 1.2932018513341126E-16
278.0 1.3182529688126242E-16
279.0 1.343632576877949E-16
280.0 1.3693425569830792E-16
281.0 1.395384778401383E-16
282.0 1.4217610981711878E-16
283.0 1.448473361188463E-16
284.0 1.4755257150910344E-16
285.0 1.502913033169708E-16
286.0 1.5306440706202843E-16
287.0 1.558718306563478E-16
288.0 1.5871398199562368E-16
289.0 1.6159034940850328E-16
290.0 1.6450179741437855E-16
291.0 1.6744827100468704E-16
292.0 1.7042994349777763E-16
293.0 1.7344721423309588E-16
294.0 1.7649957217383704E-16
295.0 1.7958786872648631E-16
296.0 1.8271204489914168E-16
297.0 1.8587226781691177E-16
298.0 1.8906870319666858E-16
299.0 1.9230151566674007E-16
300.0 1.9557086847796248E-16
301.0 1.9887692374030103E-16
302.0 2.0221984217996208E-16
303.0 2.055997834019767E-16
304.0 2.0901690574059996E-16
305.0 2.124713662171645E-16
306.0 2.1596332065657766E-16
307.0 2.1949292364915814E-16
308.0 2.230553690263876E-16
309.0 2.266607362420899E-16
310.0 2.3030420822103854E-16
311.0 2.3398593457277273E-16
312.0 2.377060637141482E-16
313.0 2.414647427837413E-16
314.0 2.4526211772904106E-16
315.0 2.4909833321901166E-16
316.0 2.529735328027017E-16
317.0 2.5688785868484104E-16
318.0 2.6084145195519446E-16
319.0 2.648344524065461E-16
320.0 2.68866998652481E-16
321.0 2.729392281074822E-16
322.0 2.77051277088756E-16
323.0 2.812032804507495E-16
324.0 2.853953721529833E-16
325.0 2.896276847693976E-16
326.0 2.939003497893906E-16
327.0 2.9821349746903216E-16
328.0 3.0256725693587186E-16
329.0 3.069617561667419E-16
330.0 3.113971218552463E-16
331.0 3.1587347962556264E-16
332.0 3.2039095392860693E-16
333.0 3.2494966807061474E-16
334.0 3.295497441870098E-16
335.0 3.34191303214437E-16
336.0 3.3887446503465486E-16
337.0 3.435993483065062E-16
338.0 3.4836607061203896E-16
339.0 3.531747483436894E-16
340.0 3.5802549673531787E-16
341.0 3.6291843004812695E-16
342.0 3.67853661306117E-16
343.0 3.7283130235730684E-16
344.0 3.778514641909987E-16
345.0 3.829142564157132E-16
346.0 3.8801978776470477E-16
347.0 3.9316816582087655E-16
348.0 3.9835949701893026E-16
349.0 4.035938869122957E-16
350.0 4.0887143978571714E-16
351.0 4.1419225902108684E-16
352.0 4.195564469721854E-16
353.0 4.2496410472694665E-16
354.0 4.304153326911799E-16
355.0 4.3591022997425885E-16
356.0 4.414488947324643E-16
357.0 4.470314241015971E-16
358.0 4.526579141975432E-16
359.0 4.583284600433826E-16
360.0 4.640431557509744E-16
361.0 4.698020943028027E-16
362.0 4.756053678113233E-16
363.0 4.814530671852492E-16
364.0 4.873452824684811E-16
365.0 4.932821025791861E-16
366.0 4.992636156216102E-16
367.0 5.052899085056808E-16
368.0 5.113610672233451E-16
369.0 5.174771768194261E-16
370.0 5.236237141637858E-16
371.0 5.298315059824018E-16
372.0 5.36081461531907E-16
373.0 5.423797248865779E-16
374.0 5.487203332242169E-16
375.0 5.551078910484605E-16
376.0 5.615424617176538E-16
377.0 5.680196432171286E-16
378.0 5.745439920257254E-16
379.0 5.811140908329638E-16
380.0 5.877314947303653E-16
381.0 5.943933169913505E-16
382.0 6.010996335161793E-16
383.0 6.078549554883155E-16
384.0 6.146534323255828E-16
385.0 6.214995778236478E-16
386.0 6.283934740351445E-16
387.0 6.353307110147528E-16
388.0 6.423158361810912E-16
389.0 6.49347423905656E-16
390.0 6.564255407078329E-16
391.0 6.635517815363495E-16
392.0 6.707216237088807E-16
393.0 6.7793971868404825E-16
394.0 6.852046003791348E-16
395.0 6.925178839091839E-16
396.0 6.998765272711169E-16
397.0 7.072805834067193E-16
398.0 7.147332253340986E-16
399.0 7.2223295656707945E-16
400.0 7.297813792113467E-16
401.0 7.373739173726815E-16
402.0 7.450152604471557E-16
403.0 7.527039197130925E-16
404.0 7.604414464917502E-16
405.0 7.682234049808449E-16
406.0 7.760558006087612E-16
407.0 7.839328027286869E-16
408.0 7.918588499624961E-16
409.0 7.998325313033646E-16
410.0 8.078552869705291E-16
411.0 8.159243722300454E-16
412.0 8.240398836049564E-16
413.0 8.322046019578962E-16
414.0 8.404185434371104E-16
415.0 8.48677730077292E-16
416.0 8.569875729457937E-16
417.0 8.653427615103001E-16
418.0 8.737473569374893E-16
419.0 8.822014321553953E-16
420.0 8.907009332442781E-16
421.0 8.992500029917804E-16
422.0 9.07847318395809E-16
423.0 9.16492922405353E-16
424.0 9.251868570593032E-16
425.0 9.33930696940556E-16
426.0 9.4271988293921E-16
427.0 9.515590549221509E-16
428.0 9.60446718582867E-16
429.0 9.69384592445212E-16
430.0 9.783676742955533E-16
431.0 9.874010409329549E-16
432.0 9.96483048332734E-16
433.0 1.0056137319205106E-15
434.0 1.0147949250211265E-15
435.0 1.0240230693211803E-15
436.0 1.0332981806718661E-15
437.0 1.042625698137059E-15
438.0 1.0519984728419748E-15
439.0 1.061423656559795E-15
440.0 1.0708942517383473E-15
441.0 1.0804155237515031E-15
442.0 1.0899857560903124E-15
443.0 1.0996065290552331E-15
444.0 1.1092747007192044E-15
445.0 1.1189919109243305E-15
446.0 1.1287568480711347E-15
447.0 1.1385735595317204E-15
448.0 1.1484368695150935E-15
449.0 1.1583505908551921E-15
450.0 1.168314517775584E-15
451.0 1.1783255820538054E-15
452.0 1.1883877972826617E-15
453.0 1.198497471231897E-15
454.0 1.208658104611387E-15
455.0 1.218866455348749E-15
456.0 1.2291249185430881E-15
457.0 1.2394327277339205E-15
458.0 1.2497899066985145E-15
459.0 1.2601972208138599E-15
460.0 1.2706532446618203E-15
461.0 1.2811578944709921E-15
462.0 1.2916797803796633E-15
463.0 1.3022841542064777E-15
464.0 1.3129380335647622E-15
465.0 1.3236414398735189E-15
466.0 1.3343943941935548E-15
467.0 1.3451928783866135E-15
468.0 1.3560490273071746E-15
469.0 1.3669470310482843E-15
470.0 1.3779020890235156E-15
471.0 1.3888997035222253E-15
472.0 1.3999537241143641E-15
473.0 1.4110540489552452E-15
474.0 1.4222040660709605E-15
475.0 1.4334037902028474E-15
476.0 1.444653234827376E-15
477.0 1.4559524130062056E-15
478.0 1.4673013365126427E-15
479.0 1.4787000167948607E-15
480.0 1.4901484635761211E-15
481.0 1.5016466864585242E-15
482.0 1.5131946939780342E-15
483.0 1.5247924937201718E-15
484.0 1.5364400928103412E-15
485.0 1.5481374975106127E-15
486.0 1.559884713268136E-15
487.0 1.5716817452318456E-15
488.0 1.5835285977658844E-15
489.0 1.5954252748845337E-15
490.0 1.6073717802322044E-15
491.0 1.6193681171573919E-15
492.0 1.6314142886927364E-15
493.0 1.6435102977236E-15
494.0 1.655651498697113E-15
495.0 1.6678468475627068E-15
496.0 1.6800973776967158E-15
497.0 1.6923927648910589E-15
498.0 1.7047319632738162E-15
499.0 1.7171330985739093E-15
500.0 1.7295780520948899E-15