200.0 3.094870062387808E-16
201.0 3.1817174338254325E-16
202.0 3.2703227326216757E-16
203.0 3.360705630689134E-16
204.0 3.452885777177092E-16
205.0 3.5468827956408135E-16
206.0 3.6427162831354614E-16
207.0 3.740405809983604E-16
208.0 3.839970914478268E-16
209.0 3.941431107953233E-16
210.0 4.0448058647519884E-16
211.0 4.141690978149965E-16
212.0 4.2241549430586826E-16
213.0 4.307628079938113E-16
214.0 4.392112760926016E-16
215.0 4.477611278786206E-16
216.0 4.564125858202556E-16
217.0 4.651658645874395E-16
218.0 4.740211718980449E-16
219.0 4.829787082931908E-16
220.0 4.920386674619404E-16
221.0 5.012012360006006E-16
222.0 5.104665936052635E-16
223.0 5.198349138081865E-16
224.0 5.293063628024356E-16
225.0 5.388811007018643E-16
226.0 5.485592810888686E-16
227.0 5.583292254956466E-16
228.0 5.682160712368051E-16
229.0 5.782054873080533E-16
230.0 5.882988966982402E-16
231.0 5.984964222458454E-16
232.0 6.0879818090032595E-16
233.0 6.192042836399806E-16
234.0 6.297148359166633E-16
235.0 6.403299375807492E-16
236.0 6.510496828719622E-16
237.0 6.618741604826543E-16
238.0 6.728034538624289E-16
239.0 6.838376413746187E-16
240.0 6.949767959587184E-16
241.0 7.062209854336464E-16
242.0 7.175702729870309E-16
243.0 7.290247163162748E-16
244.0 7.40584368790595E-16
245.0 7.522492788406567E-16
246.0 7.640194899215986E-16
247.0 7.758950413688044E-16
248.0 7.878759676671301E-16
249.0 7.999622992294759E-16
250.0 8.121540614528916E-16
251.0 8.244512760596582E-16
252.0 8.368539605236956E-16
253.0 8.493621276444176E-16
254.0 8.619757869364042E-16
255.0 8.7469494325271285E-16
256.0 8.875195979963417E-16
257.0 9.00449748396179E-16
258.0 9.13485388355135E-16
259.0 9.266265073981422E-16
260.0 9.398730922433207E-16
261.0 9.532251254303313E-16
262.0 9.666825860790506E-16
263.0 9.802454502640058E-16
264.0 9.93913690542937E-16
265.0 1.0076872757785967E-15
266.0 1.0215661721572005E-15
267.0 1.0355503423733345E-15
268.0 1.0496397462211779E-15
269.0 1.0638343403096833E-15
270.0 1.0781340782147515E-15
271.0 1.0925389108675263E-15
272.0 1.107023684533429E-15
273.0 1.1216386238440203E-15
274.0 1.1363556000180201E-15
275.0 1.1511803458386665E-15
276.0 1.1661127722541608E-15
277.0 1.181144189302227E-15
278.0 1.1962860110338987E-15
279.0 1.2115267187178082E-15
280.0 1.2268776547064124E-15
281.0 1.242327360974407E-15
282.0 1.2578871107733282E-15
283.0 1.2735483233184342E-15
284.0 1.2893137499869836E-15
285.0 1.3051805035618765E-15
286.0 1.3211541115517348E-15
287.0 1.3372344637242861E-15
288.0 1.3534158848604848E-15
289.0 1.369698303983237E-15
290.0 1.3860871833013505E-15
291.0 1.402582405063062E-15
292.0 1.4191755900139158E-15
293.0 1.4358749198893947E-15
294.0 1.4526775327512193E-15
295.0 1.469583325002295E-15
296.0 1.4865921918648857E-15
297.0 1.5037067452814718E-15
298.0 1.520918721769991E-15
299.0 1.538236166931079E-15
300.0 1.555656251138298E-15
301.0 1.5731788615829646E-15
302.0 1.5908065690178391E-15
303.0 1.6085312039615018E-15
304.0 1.6263607037730514E-15
305.0 1.644294931427944E-15
306.0 1.662328429777943E-15
307.0 1.6804637503011242E-15
308.0 1.6986981205069036E-15
309.0 1.7170393685186455E-15
310.0 1.7354767777367418E-15
311.0 1.7540207967666997E-15
312.0 1.7726607428711823E-15
313.0 1.7914043991076294E-15
314.0 1.8102489999675727E-15
315.0 1.8291970366291334E-15
316.0 1.8482405166587644E-15
317.0 1.867389782401069E-15
318.0 1.886634244458432E-15
319.0 1.9059816058747943E-15
320.0 1.9254291204062464E-15
321.0 1.9449766526749048E-15
322.0 1.964626652868098E-15
323.0 1.984371226649003E-15
324.0 2.0042205666558107E-15
325.0 2.024164231310501E-15
326.0 2.044209799351595E-15
327.0 2.064354558225386E-15
328.0 2.084598368088057E-15
329.0 2.1049410880942162E-15
330.0 2.1253825765844533E-15
331.0 2.145922691836775E-15
332.0 2.1665638039339743E-15
333.0 2.187298231465913E-15
334.0 2.208133369267302E-15
335.0 2.2290665605175495E-15
336.0 2.2501001540916468E-15
337.0 2.2712290158250793E-15
338.0 2.2924530078278008E-15
339.0 2.31377696375715E-15
340.0 2.3351420763437204E-15
341.0 2.3566606249465856E-15
342.0 2.378276206232622E-15
343.0 2.3999886725380054E-15
344.0 2.4217978762383405E-15
345.0 2.44370366975831E-15
346.0 2.4657059049682226E-15
347.0 2.48780443255815E-15
348.0 2.5099923242483666E-15
349.0 2.5322830065633752E-15
350.0 2.5546695332493163E-15
351.0 2.5771584884360988E-15
352.0 2.5997362402874027E-15
353.0 2.622409386991886E-15
354.0 2.6451777781798314E-15
355.0 2.6680412622846154E-15
356.0 2.6909996891261218E-15
357.0 2.714052907135445E-15
358.0 2.737200764868493E-15
359.0 2.7604431110298064E-15
360.0 2.7837797938317168E-15
361.0 2.807210661669761E-15
362.0 2.8307355626993467E-15
363.0 2.854354345299212E-15
364.0 2.87806685764249E-15
365.0 2.901872947935289E-15
366.0 2.9257724642033445E-15
367.0 2.9497652554517955E-15
368.0 2.973851169847945E-15
369.0 2.998030056103074E-15
370.0 3.0223017627883514E-15
371.0 3.046666138566974E-15
372.0 3.071123032667267E-15
373.0 3.0956722944153673E-15
374.0 3.1203137727494103E-15
375.0 3.145047317639116E-15
376.0 3.169872778162739E-15
377.0 3.1947900046515037E-15
378.0 3.2197988467465824E-15
379.0 3.2448991545847705E-15
380.0 3.2700907782921955E-15
381.0 3.2953735684532054E-15
382.0 3.3207473745986854E-15
383.0 3.3462120484085094E-15
384.0 3.3717674392061346E-15
385.0 3.397413398427431E-15
386.0 3.423149776088321E-15
387.0 3.4489764225149475E-15
388.0 3.47488701420152E-15
389.0 3.500899924446278E-15
390.0 3.5269904067539613E-15
391.0 3.553182708700752E-15
392.0 3.579452458196809E-15
393.0 3.605823577718905E-15
394.0 3.6322779198109806E-15
395.0 3.658821334297428E-15
396.0 3.6854536712881894E-15
397.0 3.712174781442E-15
398.0 3.738984514649476E-15
399.0 3.7658827216594934E-15
400.0 3.792869253035168E-15
401.0 3.819943959448753E-15
402.0 3.8471004593874365E-15
403.0 3.874357302188409E-15
404.0 3.901689224113424E-15
405.0 3.929121559523804E-15
406.0 3.956634910932862E-15
407.0 3.98423554725439E-15
408.0 4.011923321447189E-15
409.0 4.039698087143356E-15
410.0 4.067559698115826E-15
411.0 4.095508009442026E-15
412.0 4.123542875250156E-15
413.0 4.151664151877581E-15
414.0 4.179864125498459E-15
415.0 4.208165363534354E-15
416.0 4.236537280305085E-15
417.0 4.2650105044909656E-15
418.0 4.293561694955433E-15
419.0 4.322198444166607E-15
420.0 4.350920613583411E-15
421.0 4.3797280636590416E-15
422.0 4.408620657070574E-15
423.0 4.4375982551068635E-15
424.0 4.466660721210064E-15
425.0 4.495807918839068E-15
426.0 4.525039712016613E-15
427.0 4.554355964358263E-15
428.0 4.5837565414530755E-15
429.0 4.613241308368109E-15
430.0 4.6428101301865255E-15
431.0 4.672462872248569E-15
432.0 4.702199400399484E-15
433.0 4.732019580618441E-15
434.0 4.761923278011734E-15
435.0 4.791910358944171E-15
436.0 4.821980688785915E-15
437.0 4.85213413311235E-15
438.0 4.882370557979615E-15
439.0 4.9126898276450236E-15
440.0 4.943091807395329E-15
441.0 4.9735763615973894E-15
442.0 5.004143354957309E-15
443.0 5.034792651209212E-15
444.0 5.065524114399121E-15
445.0 5.096337607250777E-15
446.0 5.1272329934575455E-15
447.0 5.158210135402782E-15
448.0 5.189268895488858E-15
449.0 5.2204091365042995E-15
450.0 5.251630719997927E-15
451.0 5.2829335083181535E-15
452.0 5.31431736265831E-15
453.0 5.3456203804801625E-15
454.0 5.377166006676387E-15
455.0 5.40879228377253E-15
456.0 5.440499074353406E-15
457.0 5.472286239826053E-15
458.0 5.504153643920614E-15
459.0 5.536101149350825E-15
460.0 5.5681286206491815E-15
461.0 5.6002359207921706E-15
462.0 5.632422916839823E-15
463.0 5.6646894727124085E-15
464.0 5.697035457299679E-15
465.0 5.729460736839183E-15
466.0 5.761965180245074E-15
467.0 5.7945486588511745E-15
468.0 5.827211042213258E-15
469.0 5.859952204205785E-15
470.0 5.892772018092594E-15
471.0 5.9256703590616845E-15
472.0 5.9586471031835985E-15
473.0 5.991702129607565E-15
474.0 6.024835316596759E-15
475.0 6.058046546249376E-15
476.0 6.091335700132171E-15
477.0 6.124702663283319E-15
478.0 6.15814731905074E-15
479.0 6.191669556048363E-15
480.0 6.225269261854737E-15
481.0 6.25894632553068E-15
482.0 6.292700637558688E-15
483.0 6.326532091275327E-15
484.0 6.360440578671864E-15
485.0 6.3944259932883675E-15
486.0 6.428488230883352E-15
487.0 6.462627187828022E-15
488.0 6.496842759464452E-15
489.0 6.531134844173604E-15
490.0 6.5655033394510294E-15
491.0 6.599948142530542E-15
492.0 6.634469152565826E-15
493.0 6.6690662678122615E-15
494.0 6.703739387425055E-15
495.0 6.738488408609971E-15
496.0 6.77331322998899E-15
497.0 6.808213749927328E-15
498.0 6.843189865227958E-15
499.0 6.878241472574622E-15
500.0 6.9133684676303005E-15