200.0 3.070827497679254E-16
201.0 3.1571734594532596E-16
202.0 3.2452706141426974E-16
203.0 3.335138610398743E-16
204.0 3.42679707470598E-16
205.0 3.520265608554504E-16
206.0 3.615563787522358E-16
207.0 3.7127111610285497E-16
208.0 3.8117272470576715E-16
209.0 3.9126315371762795E-16
210.0 4.015443486559357E-16
211.0 4.111819624223902E-16
212.0 4.1938842350174447E-16
213.0 4.2769556642919526E-16
214.0 4.361036304356327E-16
215.0 4.446128468204089E-16
216.0 4.532234400729388E-16
217.0 4.619356268892546E-16
218.0 4.707496170125974E-16
219.0 4.796656130104874E-16
220.0 4.886838105972597E-16
221.0 4.978043983952507E-16
222.0 5.070275581260958E-16
223.0 5.163534653423604E-16
224.0 5.257822882603324E-16
225.0 5.353141890116463E-16
226.0 5.44949323194311E-16
227.0 5.546760145341676E-16
228.0 5.64519401813618E-16
229.0 5.744651565738853E-16
230.0 5.845147036249433E-16
231.0 5.94668167800848E-16
232.0 6.049256680415178E-16
233.0 6.152873173115168E-16
234.0 6.257532230420705E-16
235.0 6.36323487056837E-16
236.0 6.469982055629957E-16
237.0 6.577774692144049E-16
238.0 6.686613634146076E-16
239.0 6.796499684725881E-16
240.0 6.907433592675747E-16
241.0 7.019416055507247E-16
242.0 7.13244772431671E-16
243.0 7.246529195251065E-16
244.0 7.361661021060619E-16
245.0 7.4778437050354145E-16
246.0 7.595077700639873E-16
247.0 7.713363420022873E-16
248.0 7.832701226755694E-16
249.0 7.953091443575562E-16
250.0 8.074534343003724E-16
251.0 8.19703016068161E-16
252.0 8.32057908967114E-16
253.0 8.445181276220447E-16
254.0 8.570836833583679E-16
255.0 8.697545828336224E-16
256.0 8.82530829242238E-16
257.0 8.954124215959858E-16
258.0 9.08399355567561E-16
259.0 9.214916224447989E-16
260.0 9.34689210693368E-16
261.0 9.479921045930175E-16
262.0 9.614002849923894E-16
263.0 9.74913729681631E-16
264.0 9.885324129238868E-16
265.0 1.0022563052783116E-15
266.0 1.0160853746132562E-15
267.0 1.0300195852958575E-15
268.0 1.0440588987804227E-15
269.0 1.0582032733253309E-15
270.0 1.0724526641446095E-15
271.0 1.0868070237946272E-15
272.0 1.1012412003562795E-15
273.0 1.1158054196636462E-15
274.0 1.1304715545245103E-15
275.0 1.1452453397036493E-15
276.0 1.1601266877141282E-15
277.0 1.1751069095546084E-15
278.0 1.190197421608858E-15
279.0 1.2053867059014103E-15
280.0 1.220686107065472E-15
281.0 1.2360841678435509E-15
282.0 1.2515921637065824E-15
283.0 1.2672015148211559E-15
284.0 1.2829149742184083E-15
285.0 1.298729655976841E-15
286.0 1.3146510893873714E-15
287.0 1.3306791656594338E-15
288.0 1.346808210668184E-15
289.0 1.363038154836852E-15
290.0 1.3793744621322338E-15
291.0 1.3958170162259179E-15
292.0 1.4123574386332863E-15
293.0 1.4290039130693233E-15
294.0 1.4457535787496847E-15
295.0 1.4626063334251114E-15
296.0 1.4795620736516623E-15
297.0 1.496623412963093E-15
298.0 1.5137820883827321E-15
299.0 1.531046147617023E-15
300.0 1.548412762058976E-15
301.0 1.5658818201773205E-15
302.0 1.5834558942237303E-15
303.0 1.6011268152676268E-15
304.0 1.6189025226133466E-15
305.0 1.6367828803960812E-15
306.0 1.6547624323365057E-15
307.0 1.672843731312594E-15
308.0 1.6910240059648042E-15
309.0 1.7093110858201463E-15
310.0 1.7276942552211667E-15
311.0 1.746183964088884E-15
312.0 1.7647695307639567E-15
313.0 1.7834587394860143E-15
314.0 1.8022488258728863E-15
315.0 1.8211422822820774E-15
316.0 1.8401311172388953E-15
317.0 1.859225674492151E-15
318.0 1.8784153652718493E-15
319.0 1.8977078941239157E-15
320.0 1.917100515741093E-15
321.0 1.9365930958120317E-15
322.0 1.9561880860581637E-15
323.0 1.975877591745904E-15
324.0 1.9956718086018975E-15
325.0 2.0155602937489265E-15
326.0 2.035550628778752E-15
327.0 2.0556401015272868E-15
328.0 2.075828573140059E-15
329.0 2.0961159037521642E-15
330.0 2.1165019526753228E-15
331.0 2.1369865791464224E-15
332.0 2.1575721546962314E-15
333.0 2.1782509973633907E-15
334.0 2.199030504405163E-15
335.0 2.2199080194256436E-15
336.0 2.2408858921383258E-15
337.0 2.2619589892593696E-15
338.0 2.283127174314223E-15
339.0 2.3043952811795E-15
340.0 2.3257045037142844E-15
341.0 2.3471671221507882E-15
342.0 2.3687267340200343E-15
343.0 2.390383192518296E-15
344.0 2.412136350872532E-15
345.0 2.433986062350141E-15
346.0 2.4559321796579196E-15
347.0 2.477974554318628E-15
348.0 2.5001062580139663E-15
349.0 2.522340720027313E-15
350.0 2.5446709938779935E-15
351.0 2.5671036645287443E-15
352.0 2.5896251004928932E-15
353.0 2.612241901100368E-15
354.0 2.634953916754662E-15
355.0 2.6577609966570034E-15
356.0 2.6806629913796155E-15
357.0 2.703659750100948E-15
358.0 2.726751122113345E-15
359.0 2.7499369568466347E-15
360.0 2.773217103229722E-15
361.0 2.7965914103635167E-15
362.0 2.82005972709928E-15
363.0 2.8436219025005186E-15
364.0 2.8672777854158937E-15
365.0 2.89102722471734E-15
366.0 2.9148700690877573E-15
367.0 2.93880616817707E-15
368.0 2.9628353707922403E-15
369.0 2.9869575262744616E-15
370.0 3.0111724838183526E-15
371.0 3.0354800927037077E-15
372.0 3.0598802027676967E-15
373.0 3.084372663939828E-15
374.0 3.1089573257585773E-15
375.0 3.1336340387865083E-15
376.0 3.158402652694668E-15
377.0 3.183263018399922E-15
378.0 3.208214986129315E-15
379.0 3.2332584066019997E-15
380.0 3.2583931305249675E-15
381.0 3.283619009060499E-15
382.0 3.3089358923200652E-15
383.0 3.3343436325552883E-15
384.0 3.35984207966854E-15
385.0 3.385431085665694E-15
386.0 3.411110501135904E-15
387.0 3.4368801769753388E-15
388.0 3.462733782273418E-15
389.0 3.4886897148039305E-15
390.0 3.5147231989411805E-15
391.0 3.540858508120676E-15
392.0 3.567071250789138E-15
393.0 3.593385363789448E-15
394.0 3.6197826921584734E-15
395.0 3.646269088930809E-15
396.0 3.672844404738232E-15
397.0 3.69950849075009E-15
398.0 3.726261197360373E-15
399.0 3.7531023758077704E-15
400.0 3.780031877134746E-15
401.0 3.807049552481013E-15
402.0 3.834149039937796E-15
403.0 3.861348831833134E-15
404.0 3.888623744874466E-15
405.0 3.91599902699405E-15
406.0 3.943455348800947E-15
407.0 3.970998957034432E-15
408.0 3.998629705030141E-15
409.0 4.0263474467843625E-15
410.0 4.0541520364239115E-15
411.0 4.08204332936694E-15
412.0 4.110021180077556E-15
413.0 4.138085445214921E-15
414.0 4.166228428303286E-15
415.0 4.194472645972037E-15
416.0 4.222787574380289E-15
417.0 4.2512037941698496E-15
418.0 4.2796979958063295E-15
419.0 4.308277761621094E-15
420.0 4.336942953365778E-15
421.0 4.36569343179293E-15
422.0 4.394529059876595E-15
423.0 4.423449699212797E-15
424.0 4.452455213550862E-15
425.0 4.4815454666645956E-15
426.0 4.510720322898406E-15
427.0 4.539979646200063E-15
428.0 4.569323302494324E-15
429.0 4.598751157195619E-15
430.0 4.628263075744676E-15
431.0 4.657858923848692E-15
432.0 4.687538567728224E-15
433.0 4.717301873747024E-15
434.0 4.747148707407684E-15
435.0 4.7770789354757085E-15
436.0 4.807092423732484E-15
437.0 4.8371890381703036E-15
438.0 4.867368645265862E-15
439.0 4.897631109706357E-15
440.0 4.927976297207599E-15
441.0 4.958404072569012E-15
442.0 4.988914300927352E-15
443.0 5.019506846447697E-15
444.0 5.050181573601641E-15
445.0 5.0809383455363146E-15
446.0 5.111777026357524E-15
447.0 5.142697478855219E-15
448.0 5.173699565826748E-15
449.0 5.204783150441238E-15
450.0 5.235948094617023E-15
451.0 5.2671942610532756E-15
452.0 5.298521511279845E-15
453.0 5.329929708392399E-15
454.0 5.361257001619311E-15
455.0 5.392826729722218E-15
456.0 5.424476990215658E-15
457.0 5.456207644738818E-15
458.0 5.488018557224553E-15
459.0 5.519909590569679E-15
460.0 5.5518806094619074E-15
461.0 5.583931477015224E-15
462.0 5.616062060393559E-15
463.0 5.648272223609284E-15
464.0 5.68056183560985E-15
465.0 5.712930762679352E-15
466.0 5.745378873753342E-15
467.0 5.777906040164182E-15
468.0 5.810512131457127E-15
469.0 5.84319702147153E-15
470.0 5.875960583427617E-15
471.0 5.908802692456231E-15
472.0 5.941723224562483E-15
473.0 5.974722058818001E-15
474.0 6.007799073409929E-15
475.0 6.040954150351047E-15
476.0 6.074187171128277E-15
477.0 6.107498020696575E-15
478.0 6.140886582334566E-15
479.0 6.17435274458343E-15
480.0 6.20789639496581E-15
481.0 6.241517422498528E-15
482.0 6.275215717634515E-15
483.0 6.308991173693177E-15
484.0 6.342843682674725E-15
485.0 6.37677313814792E-15
486.0 6.410779435919424E-15
487.0 6.4448624724340066E-15
488.0 6.479022143138276E-15
489.0 6.513258346538553E-15
490.0 6.547570980288045E-15
491.0 6.581959941809253E-15
492.0 6.616425130469954E-15
493.0 6.650966444772624E-15
494.0 6.685583784147429E-15
495.0 6.72027704611018E-15
496.0 6.755046129618151E-15
497.0 6.7898909334005894E-15
498.0 6.8248113546555055E-15
499.0 6.8598072904872985E-15
500.0 6.8948786370059936E-15