200.0 2.171616037468864E-18
201.0 2.237405736068665E-18
202.0 2.3049367605126286E-18
203.0 2.3742436012636612E-18
204.0 2.445361077306769E-18
205.0 2.518325915431501E-18
206.0 2.593170401722585E-18
207.0 2.6699303321413252E-18
208.0 2.748644936340454E-18
209.0 2.8293490262121827E-18
210.0 2.9120808389758147E-18
211.0 2.9968742501966953E-18
212.0 3.083768084537721E-18
213.0 3.172770733166655E-18
214.0 3.2639784884892084E-18
215.0 3.3574001569587764E-18
216.0 3.4530741116356985E-18
217.0 3.551038986261954E-18
218.0 3.651333671799559E-18
219.0 3.753997308249624E-18
220.0 3.8590692837059824E-18
221.0 3.966589222626517E-18
222.0 4.076596984310407E-18
223.0 4.189132655476388E-18
224.0 4.304236544790012E-18
225.0 4.421949177367027E-18
226.0 4.5423112870661985E-18
227.0 4.665366255831159E-18
228.0 4.791147892643114E-18
229.0 4.91970485449185E-18
230.0 5.051076213022615E-18
231.0 5.185303666049697E-18
232.0 5.3224290818653354E-18
233.0 5.4624944986722704E-18
234.0 5.605544484817804E-18
235.0 5.7516166501136435E-18
236.0 5.9007558773832166E-18
237.0 6.053004819977939E-18
238.0 6.208403931500897E-18
239.0 6.367000804891756E-18
240.0 6.528775359574326E-18
241.0 6.693892561124763E-18
242.0 6.862334674142575E-18
243.0 7.034145084694675E-18
244.0 7.20936728541645E-18
245.0 7.388044860363957E-18
246.0 7.570221484668645E-18
247.0 7.75594092218149E-18
248.0 7.945247009794668E-18
249.0 8.138183662168267E-18
250.0 8.334787267196063E-18
251.0 8.53512463313201E-18
252.0 8.739217088625307E-18
253.0 8.947108856793258E-18
254.0 9.158866662837653E-18
255.0 9.374504737302129E-18
256.0 9.594097240138742E-18
257.0 9.81766607490504E-18
258.0 1.0045263016785997E-17
259.0 1.0276932390842136E-17
260.0 1.051271119975223E-17
261.0 1.0752665807096961E-17
262.0 1.0996818539870114E-17
263.0 1.1245221083321929E-17
264.0 1.149791776591952E-17
265.0 1.1754952907585802E-17
266.0 1.2016370808632388E-17
267.0 1.2282215739249953E-17
268.0 1.255253194874405E-17
269.0 1.2827363640699522E-17
270.0 1.3106598854026429E-17
271.0 1.3390576886210525E-17
272.0 1.3679237940252722E-17
273.0 1.3972555816313944E-17
274.0 1.427062706907413E-17
275.0 1.457347807450917E-17
276.0 1.4881169984678355E-17
277.0 1.5193694621690688E-17
278.0 1.5511164827331128E-17
279.0 1.583355526697174E-17
280.0 1.6160961102077422E-17
281.0 1.6493425620154832E-17
282.0 1.683095799669986E-17
283.0 1.7173601628779208E-17
284.0 1.7521450552445532E-17
285.0 1.7874480066685086E-17
286.0 1.8232783843902015E-17
287.0 1.859638779712377E-17
288.0 1.8965351359357484E-17
289.0 1.933966696608859E-17
290.0 1.971942723981674E-17
291.0 2.0104674388112898E-17
292.0 2.0495400884320975E-17
293.0 2.0891715036723433E-17
294.0 2.1293592748621517E-17
295.0 2.170112528757262E-17
296.0 2.211433783017153E-17
297.0 2.2533288212020164E-17
298.0 2.2957968856926062E-17
299.0 2.338846992417017E-17
300.0 2.3824816165855797E-17
301.0 2.4267048490533143E-17
302.0 2.471520763520111E-17
303.0 2.5169350249763625E-17
304.0 2.5629468575254395E-17
305.0 2.609566701056301E-17
306.0 2.6567921646984415E-17
307.0 2.7046320324895445E-17
308.0 2.7530521904254302E-17
309.0 2.802129660670278E-17
310.0 2.851831801660698E-17
311.0 2.9021625329192166E-17
312.0 2.953125754797448E-17
313.0 3.004725349018505E-17
314.0 3.056965179291495E-17
315.0 3.109849088320878E-17
316.0 3.1633809020461147E-17
317.0 3.217564425245278E-17
318.0 3.272403443275164E-17
319.0 3.32790172218748E-17
320.0 3.38406300766291E-17
321.0 3.4408910247953576E-17
322.0 3.498389480062835E-17
323.0 3.556562057477549E-17
324.0 3.615412421476052E-17
325.0 3.674944215203849E-17
326.0 3.735161061306905E-17
327.0 3.79606656079978E-17
328.0 3.8576642949026693E-17
329.0 3.919957821909321E-17
330.0 3.982950679706949E-17
331.0 4.046646383252829E-17
332.0 4.1110484282573503E-17
333.0 4.1761602868967355E-17
334.0 4.2419854090325025E-17
335.0 4.308527224643856E-17
336.0 4.375789138995116E-17
337.0 4.4437745380242876E-17
338.0 4.512486782678328E-17
339.0 4.581929214059457E-17
340.0 4.652105148777752E-17
341.0 4.723017883094142E-17
342.0 4.7946706885404554E-17
343.0 4.867066815768386E-17
344.0 4.94020949168931E-17
345.0 5.014101921833888E-17
346.0 5.088747286982843E-17
347.0 5.164148746392732E-17
348.0 5.2403094369438884E-17
349.0 5.317232471796581E-17
350.0 5.394920941165274E-17
351.0 5.4733779131594757E-17
352.0 5.552606431518484E-17
353.0 5.632504482903122E-17
354.0 5.7132853304121E-17
355.0 5.794846717922475E-17
356.0 5.87719159839063E-17
357.0 5.960322901548953E-17
358.0 6.044243532412527E-17
359.0 6.12895637556587E-17
360.0 6.21446429033822E-17
361.0 6.300770112160809E-17
362.0 6.387876656552612E-17
363.0 6.475786714165387E-17
364.0 6.564503051188273E-17
365.0 6.654028413443978E-17
366.0 6.74436552230132E-17
367.0 6.835517075661811E-17
368.0 6.927485749553109E-17
369.0 7.020274196554118E-17
370.0 7.11388504522172E-17
371.0 7.208320901710729E-17
372.0 7.303584350374736E-17
373.0 7.399677952696294E-17
374.0 7.496604244424098E-17
375.0 7.594365742988008E-17
376.0 7.692964938360432E-17
377.0 7.792404301131159E-17
378.0 7.89268627731172E-17
379.0 7.99381329189165E-17
380.0 8.095787745890674E-17
381.0 8.198612019400788E-17
382.0 8.30228846671118E-17
383.0 8.40681942309571E-17
384.0 8.512207199934908E-17
385.0 8.618454086597508E-17
386.0 8.725562349199254E-17
387.0 8.833534233862054E-17
388.0 8.942371960917626E-17
389.0 9.052077733443348E-17
390.0 9.162653728109723E-17
391.0 9.274102101132489E-17
392.0 9.386424988392663E-17
393.0 9.49962450139782E-17
394.0 9.613702732107736E-17
395.0 9.728661747439068E-17
396.0 9.844503596998526E-17
397.0 9.961230306864514E-17
398.0 1.0078843880270829E-16
399.0 1.0197346301262638E-16
400.0 1.0316739530418135E-16
401.0 1.0437025509282873E-16
402.0 1.0558206158270756E-16
403.0 1.0680283372923144E-16
404.0 1.0803259032999023E-16
405.0 1.0927134993487223E-16
406.0 1.1051913091520656E-16
407.0 1.1177595138696613E-16
408.0 1.1304182932049602E-16
409.0 1.1431678243969253E-16
410.0 1.1560082827743975E-16
411.0 1.1689398417687656E-16
412.0 1.1819403312316951E-16
413.0 1.1950546314710874E-16
414.0 1.2082605395357535E-16
415.0 1.2215582205978925E-16
416.0 1.2349478380559787E-16
417.0 1.248429552950426E-16
418.0 1.2620035246472265E-16
419.0 1.2756699101595593E-16
420.0 1.2894288650191608E-16
421.0 1.3032805425047976E-16
422.0 1.317222379581236E-16
423.0 1.3312626693362618E-16
424.0 1.3453934155060058E-16
425.0 1.3596174786864794E-16
426.0 1.3739350023784152E-16
427.0 1.3883461284946894E-16
428.0 1.4028509970983362E-16
429.0 1.4174470543778985E-16
430.0 1.4321425125378095E-16
431.0 1.4469294298442077E-16
432.0 1.4618106308770482E-16
433.0 1.4767862467614784E-16
434.0 1.4918564058455302E-16
435.0 1.5070212356568088E-16
436.0 1.5222808614478995E-16
437.0 1.5376354065888208E-16
438.0 1.5530849928765326E-16
439.0 1.568629740345978E-16
440.0 1.584269767175034E-16
441.0 1.6000051897926316E-16
442.0 1.6158361228868869E-16
443.0 1.631762679518468E-16
444.0 1.6477849710261656E-16
445.0 1.663903106713008E-16
446.0 1.6801171945980405E-16
447.0 1.696427340787052E-16
448.0 1.7128336496914913E-16
449.0 1.7293362242565498E-16
450.0 1.7459351657543347E-16
451.0 1.7626305734549944E-16
452.0 1.7794225451860853E-16
453.0 1.7963111773478573E-16
454.0 1.8132939440102927E-16
455.0 1.8303787997892957E-16
456.0 1.847557974451344E-16
457.0 1.8648341782071766E-16
458.0 1.8822074995439308E-16
459.0 1.8996780249922375E-16
460.0 1.9172458397179658E-16
461.0 1.9349110271758427E-16
462.0 1.9526736694752138E-16
463.0 1.9705338471505821E-16
464.0 1.9884916391678508E-16
465.0 2.0065471229303177E-16
466.0 2.0247003744092007E-16
467.0 2.0429514680283032E-16
468.0 2.0613004770486523E-16
469.0 2.0797474725697778E-16
470.0 2.0982925251779442E-16
471.0 2.116935703181828E-16
472.0 2.1356770736298197E-16
473.0 2.154516702715688E-16
474.0 2.1734546542277494E-16
475.0 2.1924909915086946E-16
476.0 2.2116257757633758E-16
477.0 2.2308590675169566E-16
478.0 2.2501909250261095E-16
479.0 2.2696188450674273E-16
480.0 2.2891505665222423E-16
481.0 2.3087784608117737E-16
482.0 2.328505142561083E-16
483.0 2.348330663734539E-16
484.0 2.36825507472709E-16
485.0 2.3882784249288445E-16
486.0 2.408400762600062E-16
487.0 2.4286221341689334E-16
488.0 2.448942585229237E-16
489.0 2.4693621599824457E-16
490.0 2.489880901241343E-16
491.0 2.5104988505800147E-16
492.0 2.531216048489092E-16
493.0 2.5520325339427525E-16
494.0 2.5729483451439207E-16
495.0 2.5939051772353125E-16
496.0 2.6150130378525584E-16
497.0 2.636227090101333E-16
498.0 2.657540606895284E-16
499.0 2.6789603591594605E-16
500.0 2.7004661606930016E-16