200.0 3.415224548083637E-16
201.0 3.4609594594864E-16
202.0 3.507102748547532E-16
203.0 3.553654378501531E-16
204.0 3.600614281786615E-16
205.0 3.647982360311877E-16
206.0 3.6957584821195647E-16
207.0 3.74394248979523E-16
208.0 3.792534190975048E-16
209.0 3.84153336787105E-16
210.0 3.8908962860557465E-16
211.0 3.9406914711831396E-16
212.0 3.990929955379726E-16
213.0 4.0415564256182253E-16
214.0 4.092588849948671E-16
215.0 4.1440268407444463E-16
216.0 4.1958699880840635E-16
217.0 4.24811785399176E-16
218.0 4.3007699748716383E-16
219.0 4.3538258634686153E-16
220.0 4.407285008029383E-16
221.0 4.461146870825064E-16
222.0 4.515410893586778E-16
223.0 4.570076493769229E-16
224.0 4.625143065358873E-16
225.0 4.680609980894339E-16
226.0 4.7364765917564E-16
227.0 4.792724523260427E-16
228.0 4.849406192346037E-16
229.0 4.90646778081628E-16
230.0 4.963926255308773E-16
231.0 5.02178086719427E-16
232.0 5.080030844559695E-16
233.0 5.138675396737874E-16
234.0 5.197713715197929E-16
235.0 5.257144975738012E-16
236.0 5.316968331061994E-16
237.0 5.377182921888233E-16
238.0 5.437787868860325E-16
239.0 5.4987822786089045E-16
240.0 5.560165239423314E-16
241.0 5.621935824081649E-16
242.0 5.684093092782821E-16
243.0 5.746636086010013E-16
244.0 5.809563834833725E-16
245.0 5.872875353063454E-16
246.0 5.936569638747424E-16
247.0 6.00064568268623E-16
248.0 6.065102454832211E-16
249.0 6.129938918361242E-16
250.0 6.195154020845757E-16
251.0 6.2607466986468815E-16
252.0 6.326715877147692E-16
253.0 6.393060466631241E-16
254.0 6.45977937183979E-16
255.0 6.526871480606237E-16
256.0 6.5943356749275E-16
257.0 6.662170825355146E-16
258.0 6.730375790390659E-16
259.0 6.798949421866746E-16
260.0 6.867890561430047E-16
261.0 6.937198038400113E-16
262.0 7.00687067827247E-16
263.0 7.0769072976377465E-16
264.0 7.147306699671829E-16
265.0 7.217951013975208E-16
266.0 7.289071883618928E-16
267.0 7.360553468525023E-16
268.0 7.432391393285719E-16
269.0 7.504587647357971E-16
270.0 7.577138553534436E-16
271.0 7.650043683101636E-16
272.0 7.723300905364725E-16
273.0 7.796910711897637E-16
274.0 7.870871889153761E-16
275.0 7.945181362804877E-16
276.0 8.019837814972594E-16
277.0 8.09484280362053E-16
278.0 8.170191236097337E-16
279.0 8.245885702419407E-16
280.0 8.321920976231687E-16
281.0 8.398299765505277E-16
282.0 8.475016710335619E-16
283.0 8.552073578746042E-16
284.0 8.6294680464921755E-16
285.0 8.707199889821985E-16
286.0 8.785265643214854E-16
287.0 8.863663948674629E-16
288.0 8.942395707077977E-16
289.0 9.021459645478169E-16
290.0 9.10085216653326E-16
291.0 9.180571904566985E-16
292.0 9.260621060374049E-16
293.0 9.340994781337675E-16
294.0 9.421692919202559E-16
295.0 9.502714140327898E-16
296.0 9.58405711746241E-16
297.0 9.66571925681821E-16
298.0 9.747703013643476E-16
299.0 9.830003265801747E-16
300.0 9.912619945021234E-16
301.0 9.995551717628683E-16
302.0 1.0078795912209192E-15
303.0 1.0162355198857157E-15
304.0 1.0246224242315385E-15
305.0 1.0330401662900738E-15
306.0 1.0414888866535439E-15
307.0 1.0499683158359102E-15
308.0 1.058478462191114E-15
309.0 1.0670187669861133E-15
310.0 1.0755896671226277E-15
311.0 1.084190453856098E-15
312.0 1.0928215755546564E-15
313.0 1.1014824610569822E-15
314.0 1.1101731237469182E-15
315.0 1.1188932794962996E-15
316.0 1.1276432500593156E-15
317.0 1.136422294606973E-15
318.0 1.1452308949498723E-15
319.0 1.1540684563546244E-15
320.0 1.162935001673461E-15
321.0 1.1718303985643776E-15
322.0 1.1807543553335366E-15
323.0 1.1897072228345893E-15
324.0 1.1986882242011905E-15
325.0 1.207697879870661E-15
326.0 1.2167355688612575E-15
327.0 1.2258013243326729E-15
328.0 1.2348950163240215E-15
329.0 1.2440165147756309E-15
330.0 1.2531656903930352E-15
331.0 1.2623424136740438E-15
332.0 1.271546382028028E-15
333.0 1.2807779880894308E-15
334.0 1.290036582002426E-15
335.0 1.2993222094634265E-15
336.0 1.308634563767531E-15
337.0 1.3179738740144582E-15
338.0 1.3273400169873374E-15
339.0 1.336732503947952E-15
340.0 1.3461512047114895E-15
341.0 1.3555965451287125E-15
342.0 1.3650444525999055E-15
343.0 1.3745418106292421E-15
344.0 1.384065063650757E-15
345.0 1.393614086724179E-15
346.0 1.4031887558157027E-15
347.0 1.4127889465230703E-15
348.0 1.4224103656412172E-15
349.0 1.4320612339581875E-15
350.0 1.441737254094006E-15
351.0 1.4514424606617057E-15
352.0 1.4611684135700176E-15
353.0 1.4709191521709085E-15
354.0 1.4806945552360021E-15
355.0 1.4904945017277747E-15
356.0 1.5003188710349998E-15
357.0 1.5101675435774496E-15
358.0 1.520040399232313E-15
359.0 1.5299373187804097E-15
360.0 1.5398581837900927E-15
361.0 1.5498028751442475E-15
362.0 1.5597712753647634E-15
363.0 1.569763266896081E-15
364.0 1.5797787322175703E-15
365.0 1.5898175548327833E-15
366.0 1.5998796185251598E-15
367.0 1.6099648076037979E-15
368.0 1.6200730063970638E-15
369.0 1.6302041000021039E-15
370.0 1.640357974160443E-15
371.0 1.650534514492806E-15
372.0 1.6607336075100945E-15
373.0 1.670955140232446E-15
374.0 1.6811989998001766E-15
375.0 1.6914650738526917E-15
376.0 1.701753250915217E-15
377.0 1.7120634191004306E-15
378.0 1.7223954680500934E-15
379.0 1.7327492871142432E-15
380.0 1.7431247662556415E-15
381.0 1.753521796312662E-15
382.0 1.7639402676783825E-15
383.0 1.7743800724073546E-15
384.0 1.7848411018325426E-15
385.0 1.7953232488152078E-15
386.0 1.80582640547791E-15
387.0 1.816350465738133E-15
388.0 1.8268913000348536E-15
389.0 1.837460871642701E-15
390.0 1.8480429891939457E-15
391.0 1.8586536222054828E-15
392.0 1.86927660331592E-15
393.0 1.8799278801757185E-15
394.0 1.890595315049132E-15
395.0 1.9012828161980733E-15
396.0 1.911990281360258E-15
397.0 1.9227176085543365E-15
398.0 1.933464695933515E-15
399.0 1.9442314424749353E-15
400.0 1.955017747840651E-15
401.0 1.965823511252143E-15
402.0 1.976644649459223E-15
403.0 1.9874930155552087E-15
404.0 1.9983525790176644E-15
405.0 2.0092391635736228E-15
406.0 2.0201407332334604E-15
407.0 2.0310611704501387E-15
408.0 2.042000378100461E-15
409.0 2.0529582595651776E-15
410.0 2.0639347193027183E-15
411.0 2.0749296615506363E-15
412.0 2.0859429911825206E-15
413.0 2.096974614142784E-15
414.0 2.108020479957073E-15
415.0 2.1190923626168897E-15
416.0 2.1301743501851477E-15
417.0 2.1412821600904054E-15
418.0 2.1524038459655036E-15
419.0 2.163543266800733E-15
420.0 2.174700332003488E-15
421.0 2.185874949955028E-15
422.0 2.1970670309713727E-15
423.0 2.2082764847743115E-15
424.0 2.2195032216733062E-15
425.0 2.230747152864026E-15
426.0 2.2420081896750475E-15
427.0 2.253286243861791E-15
428.0 2.2645812280568557E-15
429.0 2.2758930547063598E-15
430.0 2.2872216371247553E-15
431.0 2.298566888884163E-15
432.0 2.3099287239608058E-15
433.0 2.3213070571911487E-15
434.0 2.3327018035022686E-15
435.0 2.3441128779027356E-15
436.0 2.355540196713E-15
437.0 2.3669836761741743E-15
438.0 2.378443232748441E-15
439.0 2.389918783892344E-15
440.0 2.401410247276986E-15
441.0 2.4129175404668942E-15
442.0 2.424440582481802E-15
443.0 2.435979291755151E-15
444.0 2.4475335883299427E-15
445.0 2.459103390858315E-15
446.0 2.4706886205457724E-15
447.0 2.4822891976699125E-15
448.0 2.493905042995871E-15
449.0 2.505536078252922E-15
450.0 2.517182225495042E-15
451.0 2.5288434066130104E-15
452.0 2.5405195444512334E-15
453.0 2.552210562325212E-15
454.0 2.5639163835320126E-15
455.0 2.5756369321523758E-15
456.0 2.587306615655062E-15
457.0 2.599056440747954E-15
458.0 2.6108207672272363E-15
459.0 2.622599520654546E-15
460.0 2.6343926271959E-15
461.0 2.6462000129612125E-15
462.0 2.6580216051496645E-15
463.0 2.6698573302344183E-15
464.0 2.6817071165972217E-15
465.0 2.693570891883701E-15
466.0 2.705448584318144E-15
467.0 2.71734012303504E-15
468.0 2.7292454367429558E-15
469.0 2.741164455219581E-15
470.0 2.75309710897921E-15
471.0 2.765043327420685E-15
472.0 2.7770030416747E-15
473.0 2.788976182923832E-15
474.0 2.800962682564133E-15
475.0 2.812962472369093E-15
476.0 2.824975484655621E-15
477.0 2.8370016521113427E-15
478.0 2.8490409074485482E-15
479.0 2.861093184252829E-15
480.0 2.8731584162978697E-15
481.0 2.885236537539401E-15
482.0 2.8973274822816147E-15
483.0 2.909431185691214E-15
484.0 2.9215475827600397E-15
485.0 2.933676608989307E-15
486.0 2.9458182002134087E-15
487.0 2.957972292944E-15
488.0 2.9701388236712786E-15
489.0 2.9823177293808364E-15
490.0 2.994508947375952E-15
491.0 3.0067124152733978E-15
492.0 3.018928071175074E-15
493.0 3.031155853489295E-15
494.0 3.043395700749852E-15
495.0 3.0556475523180227E-15
496.0 3.0679113471420243E-15
497.0 3.080187025522896E-15
498.0 3.0924745273401625E-15
499.0 3.1047737927540415E-15
500.0 3.1170847625588392E-15