200.0 4.7773724683879004E-17
201.0 4.8765402416126476E-17
202.0 4.976932433125055E-17
203.0 5.078544127345099E-17
204.0 5.181384297755451E-17
205.0 5.2854476439751875E-17
206.0 5.390737917587522E-17
207.0 5.4972452175155164E-17
208.0 5.604973049741314E-17
209.0 5.713915923014352E-17
210.0 5.824085431109274E-17
211.0 5.935467182127823E-17
212.0 6.047966604866636E-17
213.0 6.161777688303263E-17
214.0 6.276800049307849E-17
215.0 6.393031673331304E-17
216.0 6.510470414147726E-17
217.0 6.62911399949733E-17
218.0 6.74896003164945E-17
219.0 6.870005991390794E-17
220.0 6.99224924211651E-17
221.0 7.115687026645815E-17
222.0 7.24031647853794E-17
223.0 7.366134616083362E-17
224.0 7.493128455568346E-17
225.0 7.621324492530577E-17
226.0 7.750689736422777E-17
227.0 7.88123068303685E-17
228.0 8.012943839017468E-17
229.0 8.145825604372232E-17
230.0 8.279872292506488E-17
231.0 8.415080124382013E-17
232.0 8.551445227326695E-17
233.0 8.688963651759925E-17
234.0 8.827631349971164E-17
235.0 8.967444205741107E-17
236.0 9.108398014948461E-17
237.0 9.250488497099861E-17
238.0 9.393711300697463E-17
239.0 9.538053575422662E-17
240.0 9.683536085700733E-17
241.0 9.83012900371405E-17
242.0 9.977625056958601E-17
243.0 1.0126443744113606E-16
244.0 1.027636713223364E-16
245.0 1.0427390400615556E-16
246.0 1.057950867092568E-16
247.0 1.0732717006416076E-16
248.0 1.0887010421018614E-16
249.0 1.1042383871050736E-16
250.0 1.1198832268101784E-16
251.0 1.1356350465325387E-16
252.0 1.1514933278140252E-16
253.0 1.167457547428828E-16
254.0 1.1835271775186745E-16
255.0 1.199703624648662E-16
256.0 1.215980538303189E-16
257.0 1.23236319339259E-16
258.0 1.248849108840766E-16
259.0 1.2654377377449003E-16
260.0 1.2821285296524686E-16
261.0 1.2989209318221428E-16
262.0 1.3158143875190381E-16
263.0 1.3328083379823827E-16
264.0 1.3499022212656324E-16
265.0 1.367095472777257E-16
266.0 1.384387525841104E-16
267.0 1.4017778110723042E-16
268.0 1.4192657576845134E-16
269.0 1.436850791639237E-16
270.0 1.4545323383245626E-16
271.0 1.4723098202221725E-16
272.0 1.4901826593156313E-16
273.0 1.5081502751775623E-16
274.0 1.5262120866244581E-16
275.0 1.5443675105487022E-16
276.0 1.562615963118791E-16
277.0 1.580956859558959E-16
278.0 1.5993896140741814E-16
279.0 1.6179136400968555E-16
280.0 1.6365283502028892E-16
281.0 1.6552331561851267E-16
282.0 1.6739926899463634E-16
283.0 1.6928761841502042E-16
284.0 1.711848004445544E-16
285.0 1.730907561334782E-16
286.0 1.7500542661172652E-16
287.0 1.76928752886977E-16
288.0 1.7886067604250684E-16
289.0 1.8080113717438237E-16
290.0 1.8275007734329625E-16
291.0 1.847074377603968E-16
292.0 1.8667315954075864E-16
293.0 1.8864718396254076E-16
294.0 1.906294522720679E-16
295.0 1.9261990583574518E-16
296.0 1.946184860717673E-16
297.0 1.9662513447333126E-16
298.0 1.9863979265150921E-16
299.0 2.0066240222541409E-16
300.0 2.026929050174854E-16
301.0 2.047312429246836E-16
302.0 2.0677735784289692E-16
303.0 2.0883119196350836E-16
304.0 2.1089268746470273E-16
305.0 2.129617867507296E-16
306.0 2.1503843223680218E-16
307.0 2.1712256661199173E-16
308.0 2.192141326629815E-16
309.0 2.2131307325501668E-16
310.0 2.2341933149787554E-16
311.0 2.2553285062676145E-16
312.0 2.2765357402485744E-16
313.0 2.2978144526752595E-16
314.0 2.3191640810441293E-16
315.0 2.340584064192486E-16
316.0 2.3620738431659883E-16
317.0 2.3836328608211535E-16
318.0 2.4052605624952556E-16
319.0 2.42695639407908E-16
320.0 2.4487198039688466E-16
321.0 2.470550243539749E-16
322.0 2.4924471651909127E-16
323.0 2.514410023221722E-16
324.0 2.5364382751852084E-16
325.0 2.5585313792217477E-16
326.0 2.580688797201666E-16
327.0 2.6029099915808583E-16
328.0 2.6251944285752826E-16
329.0 2.6475415756704243E-16
330.0 2.6699509022949413E-16
331.0 2.6924218812157626E-16
332.0 2.7149539866939283E-16
333.0 2.7375466956450013E-16
334.0 2.760199487177104E-16
335.0 2.782911842590454E-16
336.0 2.8056832460947446E-16
337.0 2.828513183141639E-16
338.0 2.85140114354368E-16
339.0 2.874270074109021E-16
340.0 2.8972808761232065E-16
341.0 2.920332356736224E-16
342.0 2.943455566643801E-16
343.0 2.966618630768658E-16
344.0 2.9898445190653877E-16
345.0 3.0131249151802437E-16
346.0 3.036466980212617E-16
347.0 3.0598548804427033E-16
348.0 3.0832882502747197E-16
349.0 3.106781790225132E-16
350.0 3.130334904255961E-16
351.0 3.1539320833146945E-16
352.0 3.177572959299198E-16
353.0 3.2012719454817395E-16
354.0 3.225021110528041E-16
355.0 3.2488273134091693E-16
356.0 3.2726681053843837E-16
357.0 3.296565006906769E-16
358.0 3.320510229904233E-16
359.0 3.344503316611188E-16
360.0 3.368543811243811E-16
361.0 3.3926384038216185E-16
362.0 3.416765217922947E-16
363.0 3.440945231920537E-16
364.0 3.465170859336423E-16
365.0 3.489448664369866E-16
366.0 3.5137571858919434E-16
367.0 3.538117008226502E-16
368.0 3.562520689541589E-16
369.0 3.5869746542449064E-16
370.0 3.611457904714923E-16
371.0 3.635997356719862E-16
372.0 3.6605654062534084E-16
373.0 3.685188648722279E-16
374.0 3.7098398112359154E-16
375.0 3.734538557767876E-16
376.0 3.759284356408905E-16
377.0 3.7840570699073887E-16
378.0 3.8088760173207453E-16
379.0 3.8337342169431864E-16
380.0 3.8586377118087265E-16
381.0 3.8835731850677373E-16
382.0 3.908540315628109E-16
383.0 3.933557901411352E-16
384.0 3.9585999959311594E-16
385.0 3.983685344074913E-16
386.0 4.008813517671769E-16
387.0 4.033965118237078E-16
388.0 4.0591587780787703E-16
389.0 4.08438777913983E-16
390.0 4.1096517450191804E-16
391.0 4.134956612807045E-16
392.0 4.1602830728981594E-16
393.0 4.1856496919553576E-16
394.0 4.2110497911102266E-16
395.0 4.236489289030348E-16
396.0 4.261955239763499E-16
397.0 4.287447324014705E-16
398.0 4.3129777115144907E-16
399.0 4.338539775214062E-16
400.0 4.3641393317354187E-16
401.0 4.389757518922658E-16
402.0 4.415412498456529E-16
403.0 4.441097753555725E-16
404.0 4.466818923470717E-16
405.0 4.492557714235052E-16
406.0 4.518337600553126E-16
407.0 4.54413467519756E-16
408.0 4.569966190082778E-16
409.0 4.595825949474647E-16
410.0 4.621719213677436E-16
411.0 4.647634409459557E-16
412.0 4.673571414019066E-16
413.0 4.699540881792226E-16
414.0 4.725542308804687E-16
415.0 4.751559363431902E-16
416.0 4.777612990892221E-16
417.0 4.803681804342429E-16
418.0 4.829781230542284E-16
419.0 4.855910889970462E-16
420.0 4.88205495706053E-16
421.0 4.908228650035377E-16
422.0 4.93442649519307E-16
423.0 4.960524538068074E-16
424.0 4.986770230247703E-16
425.0 5.013039184050818E-16
426.0 5.039331107384698E-16
427.0 5.065645712361535E-16
428.0 5.091982711169265E-16
429.0 5.118341818715661E-16
430.0 5.144722751889063E-16
431.0 5.1711252288100155E-16
432.0 5.197548970489608E-16
433.0 5.223993698715153E-16
434.0 5.25045913702856E-16
435.0 5.276945012423531E-16
436.0 5.3034510507987E-16
437.0 5.329976981437617E-16
438.0 5.356522535958432E-16
439.0 5.383087445495964E-16
440.0 5.409671444192428E-16
441.0 5.4362742670962605E-16
442.0 5.462895652287345E-16
443.0 5.4895353377130105E-16
444.0 5.516193064749097E-16
445.0 5.542868574679381E-16
446.0 5.569561613360559E-16
447.0 5.596271924116432E-16
448.0 5.622999257081471E-16
449.0 5.649743360648464E-16
450.0 5.676503987616841E-16
451.0 5.703280890917881E-16
452.0 5.730073826544028E-16
453.0 5.756882552875831E-16
454.0 5.783706829994146E-16
455.0 5.810546420442598E-16
456.0 5.837401088527036E-16
457.0 5.864270602541609E-16
458.0 5.891154730749315E-16
459.0 5.91805324543005E-16
460.0 5.944965919937259E-16
461.0 5.971892532017847E-16
462.0 5.998832859351064E-16
463.0 6.025786683971749E-16
464.0 6.052753788890844E-16
465.0 6.079733960283383E-16
466.0 6.106726985188918E-16
467.0 6.133717094812949E-16
468.0 6.160750759609176E-16
469.0 6.187765888251161E-16
470.0 6.214823459072161E-16
471.0 6.241862954250712E-16
472.0 6.268943458461032E-16
473.0 6.296020696752383E-16
474.0 6.323109163211695E-16
475.0 6.350208662770009E-16
476.0 6.377319001801995E-16
477.0 6.40443998609441E-16
478.0 6.431571424964715E-16
479.0 6.458713126931232E-16
480.0 6.485864902308396E-16
481.0 6.513026562347061E-16
482.0 6.540197918372599E-16
483.0 6.56737878326003E-16
484.0 6.594568970984406E-16
485.0 6.621768294218167E-16
486.0 6.648976568187434E-16
487.0 6.676193607511062E-16
488.0 6.703419228134158E-16
489.0 6.730653244954991E-16
490.0 6.757895475763866E-16
491.0 6.785145737315517E-16
492.0 6.812403846924984E-16
493.0 6.839669623298465E-16
494.0 6.866936165065414E-16
495.0 6.894216597777272E-16
496.0 6.921511144933828E-16
497.0 6.948805784074434E-16
498.0 6.976099481522985E-16
499.0 7.003415194583103E-16
500.0 7.030729612703163E-16