200.0 2.658671812446078E-35
201.0 3.3396184557403374E-35
202.0 4.1861782150680286E-35
203.0 5.236446729203481E-35
204.0 6.536804013211661E-35
205.0 8.143590109507611E-35
206.0 1.0125108291514026E-34
207.0 1.256400881502825E-34
208.0 1.5560127186189543E-34
209.0 1.9233774951789102E-34
210.0 2.372980693895883E-34
211.0 2.9222175044442358E-34
212.0 3.591947917328402E-34
213.0 4.407141625325508E-34
214.0 5.397636260447972E-34
215.0 6.599025879971452E-34
216.0 8.053700371799145E-34
217.0 9.812059457732146E-34
218.0 1.1933928375702576E-33
219.0 1.4490206192237978E-33
220.0 1.756478193859446E-33
221.0 2.1256758765494483E-33
222.0 2.5683031714328877E-33
223.0 3.098127089435503E-33
224.0 3.731336873925052E-33
225.0 4.486891570935269E-33
226.0 5.3871775662503334E-33
227.0 6.458225338904957E-33
228.0 7.730568266557338E-33
229.0 9.239795532452775E-33
230.0 1.1027418725133015E-32
231.0 1.3141804792926043E-32
232.0 1.56390915904814E-32
233.0 1.8584556282013336E-32
234.0 2.205384503796845E-32
235.0 2.613448003819353E-32
236.0 3.092783789532141E-32
237.0 3.6550794409664533E-32
238.0 4.313840290567331E-32
239.0 5.084601635659089E-32
240.0 5.985252629423832E-32
241.0 7.036347791119704E-32
242.0 8.261479757963692E-32
243.0 9.687695986134333E-32
244.0 1.134596804203409E-31
245.0 1.3271719536371278E-31
246.0 1.5505419363550755E-31
247.0 1.809324761974846E-31
248.0 2.108784220810799E-31
249.0 2.4549135139900117E-31
250.0 2.854527100995707E-31
251.0 3.315373866902965E-31
252.0 3.8462367135237807E-31
253.0 4.457024317993625E-31
254.0 5.159123214873255E-31
255.0 5.965247501981983E-31
256.0 6.889812383477338E-31
257.0 7.949119618537996E-31
258.0 9.161527766547335E-31
259.0 1.0547731008490068E-30
260.0 1.2131037563673672E-30
261.0 1.3937598770347762E-30
262.0 1.5996886164506756E-30
263.0 1.8341915222212935E-30
264.0 2.1009723402384853E-30
265.0 2.404180346129225E-30
266.0 2.7484624779735193E-30
267.0 3.1390036157860642E-30
268.0 3.581614351507659E-30
269.0 4.08277244419471E-30
270.0 4.6496938717286794E-30
271.0 5.290426270634186E-30
272.0 6.013945217210829E-30
273.0 6.83019901632827E-30
274.0 7.750283194796323E-30
275.0 8.786496843490251E-30
276.0 9.95250120880249E-30
277.0 1.1263410081970511E-29
278.0 1.2736027126865805E-29
279.0 1.4388878686244345E-29
280.0 1.6242526614304528E-29
281.0 1.8319667159067665E-29
282.0 2.064533662179031E-29
283.0 2.3247186325387355E-29
284.0 2.6155758778480205E-29
285.0 2.940458831803032E-29
286.0 3.303072329572549E-29
287.0 3.707485055729779E-29
288.0 4.1581747136519036E-29
289.0 4.6599870962029344E-29
290.0 5.218447992290645E-29
291.0 5.839419040093701E-29
292.0 6.529392518878797E-29
293.0 7.295481203158749E-29
294.0 8.145472349863678E-29
295.0 9.087885895294469E-29
296.0 1.0132037167313215E-28
297.0 1.128810439875276E-28
298.0 1.2567201373162837E-28
299.0 1.3981455549057548E-28
300.0 1.5544092018481861E-28
301.0 1.726952368606978E-28
302.0 1.917344805519965E-28
303.0 2.127295107774805E-28
304.0 2.358661848039101E-28
305.0 2.6134655049567943E-28
306.0 2.8939012399523784E-28
307.0 3.202352569328423E-28
308.0 3.541405988110671E-28
309.0 3.913866610421725E-28
310.0 4.32277487368573E-28
311.0 4.771424382657124E-28
312.0 5.263380950392173E-28
313.0 5.80250291534385E-28
314.0 6.3929627989435865E-28
315.0 7.03927039053706E-28
316.0 7.7462973241267225E-28
317.0 8.51930325114862E-28
318.0 9.363963688461582E-28
319.0 1.0286399614913401E-27
320.0 1.1293208962779304E-27
321.0 1.2391500035640236E-27
322.0 1.3588927026429338E-27
323.0 1.4893727693103605E-27
324.0 1.6314763330700238E-27
325.0 1.786156116147353E-27
326.0 1.954435925482611E-27
327.0 2.1374154107443927E-27
328.0 2.3362751042222767E-27
329.0 2.5522817508058333E-27
330.0 2.7867402029477313E-27
331.0 3.0412104844475384E-27
332.0 3.3172030288512776E-27
333.0 3.616389147127934E-27
334.0 3.940557966637544E-27
335.0 4.291623852062574E-27
336.0 4.67163423703091E-27
337.0 5.0827778847932104E-27
338.0 5.5273935923188784E-27
339.0 6.007979364811301E-27
340.0 6.527202080988153E-27
341.0 7.087907663689842E-27
342.0 7.693131786610913E-27
343.0 8.346111138488467E-27
344.0 9.050295265614616E-27
345.0 9.809359025086975E-27
346.0 1.0627215659138102E-26
347.0 1.1508030540302044E-26
348.0 1.2456254033059287E-26
349.0 1.3476544440986112E-26
350.0 1.457396827229449E-26
351.0 1.5753832511588577E-26
352.0 1.7021794275260654E-26
353.0 1.8383860675416727E-26
354.0 1.9846407970617305E-26
355.0 2.1416201658984048E-26
356.0 2.3100417482049625E-26
357.0 2.4906663403560553E-26
358.0 2.6843002612073736E-26
359.0 2.8917977580929396E-26
360.0 3.1140635193053174E-26
361.0 3.352055300470445E-26
362.0 3.606786670742874E-26
363.0 3.8793298768265267E-26
364.0 4.1708188333517203E-26
365.0 4.482452245629749E-26
366.0 4.815496863368574E-26
367.0 5.171290880901044E-26
368.0 5.551247472160845E-26
369.0 5.95685848185175E-26
370.0 6.389698268981463E-26
371.0 6.851427710438147E-26
372.0 7.343798367914879E-26
373.0 7.868656827074747E-26
374.0 8.427949209755999E-26
375.0 9.023725870370141E-26
376.0 9.658146280814644E-26
377.0 1.033348410007898E-25
378.0 1.1052132458059243E-25
379.0 1.1816609428926036E-25
380.0 1.2629563727359416E-25
381.0 1.3493780619655485E-25
382.0 1.4412188057584733E-25
383.0 1.5387863046510376E-25
384.0 1.6424038251101243E-25
385.0 1.7523769096416904E-25
386.0 1.8691282036872875E-25
387.0 1.9929996090705215E-25
388.0 2.1243837596150374E-25
389.0 2.26369254132586E-25
390.0 2.4113579093393865E-25
391.0 2.5678327371050664E-25
392.0 2.7335916931535947E-25
393.0 2.9091321504765307E-25
394.0 3.0949751248642206E-25
395.0 3.2916662473712433E-25
396.0 3.4997767701299675E-25
397.0 3.7198970188329634E-25
398.0 3.952675393950631E-25
399.0 4.198743627129795E-25
400.0 4.458793780181281E-25
401.0 4.733541503844744E-25
402.0 5.0237348441476155E-25
403.0 5.330155503706253E-25
404.0 5.6536095787221605E-25
405.0 5.994981734572492E-25
406.0 6.3551309261936275E-25
407.0 6.734997493633803E-25
408.0 7.1355518015746855E-25
409.0 7.557806324057078E-25
410.0 8.002817212755592E-25
411.0 8.471685908435356E-25
412.0 8.96556079663717E-25
413.0 9.485638931477615E-25
414.0 1.0033167780609154E-24
415.0 1.0609447052001442E-24
416.0 1.1215830552178601E-24
417.0 1.1853728108655979E-24
418.0 1.2524607545821876E-24
419.0 1.3229996709165695E-24
420.0 1.3971485568428926E-24
421.0 1.475072834504084E-24
422.0 1.5569422205222145E-24
423.0 1.6429427178651514E-24
424.0 1.733253315951057E-24
425.0 1.8280697641473423E-24
426.0 1.9275930492573542E-24
427.0 2.0320320022238563E-24
428.0 2.1416035570461144E-24
429.0 2.25652986162836E-24
430.0 2.3770543233564078E-24
431.0 2.503410343559045E-24
432.0 2.635853149814088E-24
433.0 2.7746443180362322E-24
434.0 2.9200552275281985E-24
435.0 3.0723673715028638E-24
436.0 3.2318726742101305E-24
437.0 3.39887381457074E-24
438.0 3.573684559733493E-24
439.0 3.756630106235318E-24
440.0 3.948047428171958E-24
441.0 4.1482856366707714E-24
442.0 4.357706342233049E-24
443.0 4.576684033785721E-24
444.0 4.8056064588514415E-24
445.0 5.0448750158439096E-24
446.0 5.294905157485101E-24
447.0 5.556126799032357E-24
448.0 5.828984738866738E-24
449.0 6.113939088009668E-24
450.0 6.4114657076746195E-24
451.0 6.722056658323977E-24
452.0 7.046220657876473E-24
453.0 7.384483549881637E-24
454.0 7.73738045285051E-24
455.0 8.105497890430056E-24
456.0 8.489391007624467E-24
457.0 8.889667363849189E-24
458.0 9.30694580951403E-24
459.0 9.7418653462461E-24
460.0 1.0195085669226088E-23
461.0 1.0667287716759325E-23
462.0 1.1158917637251667E-23
463.0 1.1671173737957239E-23
464.0 1.2204616975980315E-23
465.0 1.2759989271953514E-23
466.0 1.3338086469227233E-23
467.0 1.3939729217154503E-23
468.0 1.4565800261893328E-23
469.0 1.521706176168101E-23
470.0 1.5894561889950432E-23
471.0 1.659907247582588E-23
472.0 1.7331665733009848E-23
473.0 1.809328557741859E-23
474.0 1.888494469201362E-23
475.0 1.97077324747398E-23
476.0 2.0562583293544536E-23
477.0 2.14507918770025E-23
478.0 2.2373352022245415E-23
479.0 2.333142995702373E-23
480.0 2.432633534874404E-23
481.0 2.5359256917719365E-23
482.0 2.643147038058206E-23
483.0 2.754428792834589E-23
484.0 2.869905905056377E-23
485.0 2.9897171406054156E-23
486.0 3.1140051687505954E-23
487.0 3.242916651023694E-23
488.0 3.376602330235683E-23
489.0 3.5152171233992723E-23
490.0 3.658920213487032E-23
491.0 3.8078751439408445E-23
492.0 3.9622499154040614E-23
493.0 4.122217081521366E-23
494.0 4.287962415127272E-23
495.0 4.459651011456762E-23
496.0 4.6374688829468446E-23
497.0 4.821625736419091E-23
498.0 5.01230957584703E-23
499.0 5.20973238347882E-23
500.0 5.414071513785551E-23