200.0 4.00179754298056E-16
201.0 4.0798059401843163E-16
202.0 4.158728261048255E-16
203.0 4.238565691982912E-16
204.0 4.3193193475150526E-16
205.0 4.4009902747679676E-16
206.0 4.48357945073425E-16
207.0 4.567087788708185E-16
208.0 4.651516132332441E-16
209.0 4.736865263351383E-16
210.0 4.823135900689108E-16
211.0 4.910328700016341E-16
212.0 4.998444254540917E-16
213.0 5.087483100566402E-16
214.0 5.177353394165053E-16
215.0 5.268240712306387E-16
216.0 5.360052570320477E-16
217.0 5.452789272141934E-16
218.0 5.546451069820777E-16
219.0 5.641038160064426E-16
220.0 5.736550692393813E-16
221.0 5.832988758899539E-16
222.0 5.930352402302395E-16
223.0 6.02864162066163E-16
224.0 6.127856358999138E-16
225.0 6.227996516110656E-16
226.0 6.329061946976698E-16
227.0 6.431041850880507E-16
228.0 6.533967810571097E-16
229.0 6.637807728894032E-16
230.0 6.742571885404053E-16
231.0 6.84825991988071E-16
232.0 6.954871426827362E-16
233.0 7.062405961087256E-16
234.0 7.170863037626308E-16
235.0 7.280242138341652E-16
236.0 7.390542702190006E-16
237.0 7.501764135475358E-16
238.0 7.613905805320671E-16
239.0 7.726967050267208E-16
240.0 7.840947169945145E-16
241.0 7.955845432953927E-16
242.0 8.071661074667228E-16
243.0 8.188393298705031E-16
244.0 8.30604128332366E-16
245.0 8.424604168419425E-16
246.0 8.544081067574343E-16
247.0 8.664471072746578E-16
248.0 8.785773236830798E-16
249.0 8.907986595129557E-16
250.0 9.031110149735852E-16
251.0 9.15514288221895E-16
252.0 9.280083746950344E-16
253.0 9.405931673581902E-16
254.0 9.532685568549548E-16
255.0 9.660344314445296E-16
256.0 9.788906774792594E-16
257.0 9.918131751719662E-16
258.0 1.0048499011255934E-15
259.0 1.0179766424409668E-15
260.0 1.0311932773121887E-15
261.0 1.0444996812254335E-15
262.0 1.0578981754063494E-15
263.0 1.0713812903186965E-15
264.0 1.0849562379927502E-15
265.0 1.0986204396456394E-15
266.0 1.1123761764620299E-15
267.0 1.1262160714061275E-15
268.0 1.140149628371849E-15
269.0 1.1541671014780395E-15
270.0 1.168275545432729E-15
271.0 1.1824724217520102E-15
272.0 1.196759955212363E-15
273.0 1.2111332605126338E-15
274.0 1.22559221547927E-15
275.0 1.2401413862564959E-15
276.0 1.2547806038037143E-15
277.0 1.2695027058640836E-15
278.0 1.2843168806764777E-15
279.0 1.2992136682379547E-15
280.0 1.314202198433343E-15
281.0 1.3292730650883292E-15
282.0 1.3444353409250353E-15
283.0 1.3596819620222154E-15
284.0 1.3750150761302205E-15
285.0 1.3904322504348647E-15
286.0 1.4059378875137527E-15
287.0 1.4215318108151632E-15
288.0 1.4372093272068089E-15
289.0 1.4529702959706927E-15
290.0 1.4688190669203804E-15
291.0 1.4847554616576099E-15
292.0 1.5007725983728293E-15
293.0 1.5168770357049477E-15
294.0 1.5330663718062934E-15
295.0 1.5493404428969717E-15
296.0 1.5656990858266035E-15
297.0 1.5821443444596643E-15
298.0 1.5986694319131328E-15
299.0 1.615280805643059E-15
300.0 1.6319760932965547E-15
301.0 1.6487551294227174E-15
302.0 1.6656199286814106E-15
303.0 1.6825637820294922E-15
304.0 1.699593066430334E-15
305.0 1.7167075983233593E-15
306.0 1.7339028757889815E-15
307.0 1.7511809019399932E-15
308.0 1.7685393601507577E-15
309.0 1.785984529633172E-15
310.0 1.8035076575054526E-15
311.0 1.821117139545817E-15
312.0 1.8388042655400315E-15
313.0 1.8565752654566246E-15
314.0 1.8744278385690213E-15
315.0 1.8923639298040792E-15
316.0 1.9103770305868264E-15
317.0 1.9284754173015906E-15
318.0 1.946650494257782E-15
319.0 1.9649084069933242E-15
320.0 1.9832468824112853E-15
321.0 2.001618730706856E-15
322.0 2.0201179177806796E-15
323.0 2.03869716156418E-15
324.0 2.0573562939166102E-15
325.0 2.076095146645928E-15
326.0 2.094913552056843E-15
327.0 2.1138113416641672E-15
328.0 2.1327883482163003E-15
329.0 2.1518444040393152E-15
330.0 2.170979341774207E-15
331.0 2.1901929932428676E-15
332.0 2.2094851924728115E-15
333.0 2.2288557721096216E-15
334.0 2.2483045649160426E-15
335.0 2.2678314045474137E-15
336.0 2.2874361245963133E-15
337.0 2.3071185589786537E-15
338.0 2.3268785417406957E-15
339.0 2.3467159070578257E-15
340.0 2.3666304896326293E-15
341.0 2.3866221243028045E-15
342.0 2.4066906466448645E-15
343.0 2.4268358915679756E-15
344.0 2.4470576947172604E-15
345.0 2.4673558928967527E-15
346.0 2.4877303222370346E-15
347.0 2.508180818997083E-15
348.0 2.528701655043998E-15
349.0 2.5493038053466956E-15
350.0 2.5699815372023692E-15
351.0 2.5907402359844096E-15
352.0 2.6115686376424555E-15
353.0 2.632472136364038E-15
354.0 2.6534505711458615E-15
355.0 2.6745037817154748E-15
356.0 2.695631608965341E-15
357.0 2.71683389321689E-15
358.0 2.738110475939721E-15
359.0 2.7594611982165427E-15
360.0 2.7808859022621435E-15
361.0 2.8023844298715312E-15
362.0 2.8239566246242727E-15
363.0 2.8456023289842243E-15
364.0 2.867321386734965E-15
365.0 2.8891136416288702E-15
366.0 2.9109789378219156E-15
367.0 2.9329171203218044E-15
368.0 2.9549280338382584E-15
369.0 2.9770115241461633E-15
370.0 2.9991674371644602E-15
371.0 3.0213956182435627E-15
372.0 3.0436959147188627E-15
373.0 3.0660681733517943E-15
374.0 3.0885122417257963E-15
375.0 3.1110279677794938E-15
376.0 3.1336151993280896E-15
377.0 3.156273785253108E-15
378.0 3.1790035745554804E-15
379.0 3.2018044170790434E-15
380.0 3.224676162550878E-15
381.0 3.247618661551612E-15
382.0 3.2706317655298543E-15
383.0 3.2937153253372655E-15
384.0 3.3168691936872332E-15
385.0 3.340093223200508E-15
386.0 3.3633872663967344E-15
387.0 3.3867511776928653E-15
388.0 3.4101793192049488E-15
389.0 3.433688021558086E-15
390.0 3.457255125596131E-15
391.0 3.4809025963523436E-15
392.0 3.504608099168153E-15
393.0 3.528393753974746E-15
394.0 3.5522426949153294E-15
395.0 3.5761603555553345E-15
396.0 3.600146594688004E-15
397.0 3.6242012730295546E-15
398.0 3.648324249814564E-15
399.0 3.672515386694887E-15
400.0 3.696774545373154E-15
401.0 3.721101587837061E-15
402.0 3.745490960385653E-15
403.0 3.76995877600753E-15
404.0 3.794483345932854E-15
405.0 3.8190858598633774E-15
406.0 3.8437502734197445E-15
407.0 3.8684817549936455E-15
408.0 3.893280170797684E-15
409.0 3.918145385742723E-15
410.0 3.943077267789162E-15
411.0 3.968075682988812E-15
412.0 3.9931404981937404E-15
413.0 4.018271581598863E-15
414.0 4.043464310827464E-15
415.0 4.068732024052202E-15
416.0 4.094056783063083E-15
417.0 4.1194559575703234E-15
418.0 4.144916405815184E-15
419.0 4.170442332989562E-15
420.0 4.196033610119918E-15
421.0 4.2216901060691536E-15
422.0 4.247411692107259E-15
423.0 4.273198237317841E-15
424.0 4.299049613208959E-15
425.0 4.324965691134174E-15
426.0 4.350946342001555E-15
427.0 4.376991437448986E-15
428.0 4.4029693305835125E-15
429.0 4.429143008125008E-15
430.0 4.455380747181323E-15
431.0 4.4816824207670476E-15
432.0 4.508047902437532E-15
433.0 4.534477067816723E-15
434.0 4.5609697907332885E-15
435.0 4.587525947136999E-15
436.0 4.614145413332085E-15
437.0 4.640828065389793E-15
438.0 4.667573781603703E-15
439.0 4.694382440088211E-15
440.0 4.7212539194016656E-15
441.0 4.748188098871664E-15
442.0 4.7751848592341016E-15
443.0 4.8022440817279404E-15
444.0 4.829365648727906E-15
445.0 4.856549442508552E-15
446.0 4.883795347119802E-15
447.0 4.911103246831232E-15
448.0 4.9384730277016745E-15
449.0 4.9659045753707225E-15
450.0 4.99339777789305E-15
451.0 5.020952522559698E-15
452.0 5.048568698737424E-15
453.0 5.0762461956194076E-15
454.0 5.103984904440736E-15
455.0 5.131784715882688E-15
456.0 5.15964552326303E-15
457.0 5.187567217647696E-15
458.0 5.215549693640901E-15
459.0 5.2435928451293834E-15
460.0 5.271696566857637E-15
461.0 5.2998607540534915E-15
462.0 5.3280853033680734E-15
463.0 5.3563701105147695E-15
464.0 5.38471507218923E-15
465.0 5.413120086022463E-15
466.0 5.441585049193894E-15
467.0 5.470109859369912E-15
468.0 5.498694414314002E-15
469.0 5.527338612842414E-15
470.0 5.5560423527488724E-15
471.0 5.584805532773378E-15
472.0 5.61362805051762E-15
473.0 5.642509805114298E-15
474.0 5.671450694459049E-15
475.0 5.700450617213604E-15
476.0 5.729509470017294E-15
477.0 5.758627152614971E-15
478.0 5.787803560929136E-15
479.0 5.8170385928978425E-15
480.0 5.846332146388791E-15
481.0 5.875684117431567E-15
482.0 5.905094402990949E-15
483.0 5.934562899566729E-15
484.0 5.964089502833854E-15
485.0 5.993674109053858E-15
486.0 6.02331661296194E-15
487.0 6.053016910968852E-15
488.0 6.082774897631829E-15
489.0 6.11259046744613E-15
490.0 6.142463515234352E-15
491.0 6.172393936186223E-15
492.0 6.2023816244568394E-15
493.0 6.23242647428257E-15
494.0 6.262528380392279E-15
495.0 6.292687237334823E-15
496.0 6.322902939528876E-15
497.0 6.3531753816825934E-15
498.0 6.383504459957046E-15
499.0 6.413890068727234E-15
500.0 6.4443321032040185E-15