200.0 8.015636533823002E-18
201.0 8.429075603714851E-18
202.0 8.859647450840356E-18
203.0 9.307875426840711E-18
204.0 9.7742923706563E-18
205.0 1.0259440636953634E-17
206.0 1.0763872090789925E-17
207.0 1.1288148125371327E-17
208.0 1.1832839660858611E-17
209.0 1.2398527147672385E-17
210.0 1.298580057311879E-17
211.0 1.3595259450805824E-17
212.0 1.422751281903325E-17
213.0 1.4883179243806865E-17
214.0 1.5562886794960618E-17
215.0 1.626727305093725E-17
216.0 1.6996985076123068E-17
217.0 1.775267942171137E-17
218.0 1.853502208445424E-17
219.0 1.934468851309561E-17
220.0 2.0182363582226614E-17
221.0 2.10487415626264E-17
222.0 2.194452611346057E-17
223.0 2.287043024112862E-17
224.0 2.3827176289189636E-17
225.0 2.4815495898884756E-17
226.0 2.5836129981765032E-17
227.0 2.688982870495345E-17
228.0 2.797735144680924E-17
229.0 2.909946674463888E-17
230.0 3.0256952304984535E-17
231.0 3.145059492881174E-17
232.0 3.268119048736209E-17
233.0 3.394954390816572E-17
234.0 3.5256469087119436E-17
235.0 3.660278889184894E-17
236.0 3.7989335108767764E-17
237.0 3.941694838645252E-17
238.0 4.088647819976814E-17
239.0 4.239878282998614E-17
240.0 4.395472927526277E-17
241.0 4.555519326510212E-17
242.0 4.720105914618441E-17
243.0 4.8893219886620496E-17
244.0 5.0632576994590174E-17
245.0 5.242004051559915E-17
246.0 5.4256528924005104E-17
247.0 5.614296912634193E-17
248.0 5.808029638696554E-17
249.0 6.006945426223366E-17
250.0 6.21113945956403E-17
251.0 6.420707741831345E-17
252.0 6.635747093076474E-17
253.0 6.856355142053325E-17
254.0 7.082630325399601E-17
255.0 7.31467187770657E-17
256.0 7.55257982833745E-17
257.0 7.796454996872781E-17
258.0 8.046398987767761E-17
259.0 8.302514184978761E-17
260.0 8.564903740891674E-17
261.0 8.833671578848444E-17
262.0 9.108922387057389E-17
263.0 9.39076160824438E-17
264.0 9.679295436882094E-17
265.0 9.9746308147181E-17
266.0 1.0276875425343973E-16
267.0 1.0586137686477935E-16
268.0 1.090252674654618E-16
269.0 1.1226152476812395E-16
270.0 1.1557125469265636E-16
271.0 1.1895557032527617E-16
272.0 1.224155918020814E-16
273.0 1.259524463020355E-16
274.0 1.2956726797974842E-16
275.0 1.332611979379441E-16
276.0 1.3703538409007537E-16
277.0 1.408909812438945E-16
278.0 1.4482915093694766E-16
279.0 1.488510613929638E-16
280.0 1.529578875742095E-16
281.0 1.571508109285911E-16
282.0 1.6143101960021141E-16
283.0 1.6579970814087046E-16
284.0 1.7025807758265796E-16
285.0 1.7480733535322493E-16
286.0 1.794486952584112E-16
287.0 1.8418337739624352E-16
288.0 1.8901260804734866E-16
289.0 1.9393761982719535E-16
290.0 1.9895965139431278E-16
291.0 2.040799475274856E-16
292.0 2.0929975905667474E-16
293.0 2.1462034287549452E-16
294.0 2.2004296170452606E-16
295.0 2.255688843342773E-16
296.0 2.3119938528012515E-16
297.0 2.3693574496991707E-16
298.0 2.427792495426094E-16
299.0 2.4873119081767004E-16
300.0 2.5479286638916716E-16
301.0 2.6096557941488844E-16
302.0 2.6725063861289143E-16
303.0 2.736493583159678E-16
304.0 2.8016305827462773E-16
305.0 2.8679306373788523E-16
306.0 2.935407053576483E-16
307.0 3.004073191149552E-16
308.0 3.07394246328866E-16
309.0 3.1450283361384657E-16
310.0 3.2173443277787536E-16
311.0 3.2909040086555053E-16
312.0 3.365721000880963E-16
313.0 3.441808976555531E-16
314.0 3.5191816598030275E-16
315.0 3.597852824840527E-16
316.0 3.6778362948696956E-16
317.0 3.759145943613769E-16
318.0 3.841795694311419E-16
319.0 3.925799516873879E-16
320.0 4.0111714319592803E-16
321.0 4.097925506772536E-16
322.0 4.1860758575155203E-16
323.0 4.2756366453274977E-16
324.0 4.366622080707939E-16
325.0 4.459046419820928E-16
326.0 4.552923964433788E-16
327.0 4.648269062712355E-16
328.0 4.745096108486747E-16
329.0 4.843419540898943E-16
330.0 4.943253842334217E-16
331.0 5.044613541856635E-16
332.0 5.147513211936216E-16
333.0 5.25196746712451E-16
334.0 5.357990969075961E-16
335.0 5.46559841903067E-16
336.0 5.574804563345516E-16
337.0 5.685624189965687E-16
338.0 5.798072130466429E-16
339.0 5.912163255338029E-16
340.0 6.027912480012939E-16
341.0 6.145334759653616E-16
342.0 6.264445091321359E-16
343.0 6.385258511060505E-16
344.0 6.507790098321124E-16
345.0 6.6320549709286475E-16
346.0 6.758068285745511E-16
347.0 6.88584524228134E-16
348.0 7.015401074542483E-16
349.0 7.146751062674572E-16
350.0 7.279910519514397E-16
351.0 7.414894799497273E-16
352.0 7.551719294920863E-16
353.0 7.690399434373631E-16
354.0 7.830950687390206E-16
355.0 7.973388559909914E-16
356.0 8.117728594561365E-16
357.0 8.263986370341303E-16
358.0 8.412177507008725E-16
359.0 8.562317655541168E-16
360.0 8.714422507871793E-16
361.0 8.868507789227951E-16
362.0 9.02458926266044E-16
363.0 9.182682726029562E-16
364.0 9.34280401168503E-16
365.0 9.504968990624403E-16
366.0 9.669193566434314E-16
367.0 9.835493677167375E-16
368.0 1.0003885296633847E-15
369.0 1.0174384433453896E-15
370.0 1.0347007130045585E-15
371.0 1.052176946154534E-15
372.0 1.069868753960755E-15
373.0 1.0877777508185496E-15
374.0 1.1059055544055802E-15
375.0 1.1242537859130114E-15
376.0 1.1428240696878175E-15
377.0 1.161618033376895E-15
378.0 1.180637308085296E-15
379.0 1.1998835280045318E-15
380.0 1.2193583302876164E-15
381.0 1.239063356128742E-15
382.0 1.2590002490973434E-15
383.0 1.2791706564019087E-15
384.0 1.299576228318364E-15
385.0 1.3202186182613674E-15
386.0 1.3410994825642365E-15
387.0 1.3622204812525023E-15
388.0 1.3835832770398307E-15
389.0 1.4051895355916373E-15
390.0 1.4270409261269139E-15
391.0 1.449139120474272E-15
392.0 1.4714857938850924E-15
393.0 1.4940826242765401E-15
394.0 1.5169312928522758E-15
395.0 1.5400334837665632E-15
396.0 1.5633908839898754E-15
397.0 1.587005183968223E-15
398.0 1.6108780762446474E-15
399.0 1.6350112572676149E-15
400.0 1.6594064257689188E-15
401.0 1.6840652835487663E-15
402.0 1.7089895353466587E-15
403.0 1.7341808890736928E-15
404.0 1.7596410549387942E-15
405.0 1.7853717464078688E-15
406.0 1.811374679827977E-15
407.0 1.8376515745422377E-15
408.0 1.8642041520968012E-15
409.0 1.891034137247932E-15
410.0 1.918143257702133E-15
411.0 1.9455332439733793E-15
412.0 1.9732058288189588E-15
413.0 2.00116274844284E-15
414.0 2.0294057413962183E-15
415.0 2.057936549391202E-15
416.0 2.086756916015515E-15
417.0 2.11586858885005E-15
418.0 2.145273317026182E-15
419.0 2.17497285278079E-15
420.0 2.204968951616077E-15
421.0 2.235263370947621E-15
422.0 2.2658578712775643E-15
423.0 2.2967542152701787E-15
424.0 2.3279541691265542E-15
425.0 2.35945950102879E-15
426.0 2.391271981571523E-15
427.0 2.423393385038287E-15
428.0 2.4558254871438363E-15
429.0 2.4885700671171774E-15
430.0 2.5216289058889438E-15
431.0 2.5550037880689044E-15
432.0 2.5886964995871294E-15
433.0 2.6227088300438494E-15
434.0 2.6570425710013195E-15
435.0 2.691699517180317E-15
436.0 2.7266814646868775E-15
437.0 2.761990213293509E-15
438.0 2.7976275652057335E-15
439.0 2.833595323933584E-15
440.0 2.8698952972075953E-15
441.0 2.906529294033691E-15
442.0 2.943499126334533E-15
443.0 2.9808066087671514E-15
444.0 3.0184535579440767E-15
445.0 3.0564417929850947E-15
446.0 3.094773136502565E-15
447.0 3.1334494116276636E-15
448.0 3.172472445960095E-15
449.0 3.2118440681737738E-15
450.0 3.2515661097997733E-15
451.0 3.2916404052370558E-15
452.0 3.3320687902837252E-15
453.0 3.372853104422812E-15
454.0 3.4139951880723237E-15
455.0 3.455496885331301E-15
456.0 3.4973600418342603E-15
457.0 3.5395865062520807E-15
458.0 3.5821781294167065E-15
459.0 3.625136763619977E-15
460.0 3.6684642650739546E-15
461.0 3.712162491206169E-15
462.0 3.7562333024580315E-15
463.0 3.800678561129816E-15
464.0 3.8455001318219956E-15
465.0 3.890699881903128E-15
466.0 3.9362796803097086E-15
467.0 3.98224139921128E-15
468.0 4.028586912563253E-15
469.0 4.07531809656985E-15
470.0 4.12243683017445E-15
471.0 4.169944993801192E-15
472.0 4.217844470587778E-15
473.0 4.266137146654846E-15
474.0 4.314824909040421E-15
475.0 4.363909647997734E-15
476.0 4.413393255434542E-15
477.0 4.463277626216888E-15
478.0 4.513564656567296E-15
479.0 4.564256245926617E-15
480.0 4.615354295059297E-15
481.0 4.6668607068364265E-15
482.0 4.7187773876247834E-15
483.0 4.7711062447856746E-15
484.0 4.8238491888961405E-15
485.0 4.8770081317662764E-15
486.0 4.930584986967727E-15
487.0 4.984581671566125E-15
488.0 5.039000105281867E-15
489.0 5.093842207513659E-15
490.0 5.1491099017379795E-15
491.0 5.2048051134570145E-15
492.0 5.260929770182385E-15
493.0 5.317485800491131E-15
494.0 5.374475137400542E-15
495.0 5.431899713109332E-15
496.0 5.489761464889532E-15
497.0 5.548062330083124E-15
498.0 5.606804248908778E-15
499.0 5.665989163508302E-15
500.0 5.725619018914122E-15