200.0 2.0145351338548794E-16
201.0 2.0876522623308405E-16
202.0 2.1627226278869755E-16
203.0 2.239777672040793E-16
204.0 2.31884892133136E-16
205.0 2.399967979025691E-16
206.0 2.4831665220580445E-16
207.0 2.5684762979556596E-16
208.0 2.6559291169390304E-16
209.0 2.745556852493658E-16
210.0 2.8373914328043524E-16
211.0 2.9314648406389484E-16
212.0 3.0278091041769657E-16
213.0 3.126456298387366E-16
214.0 3.227438539190925E-16
215.0 3.330787976897715E-16
216.0 3.4365367974814053E-16
217.0 3.5447172149311964E-16
218.0 3.6553614682962903E-16
219.0 3.7685018204060416E-16
220.0 3.884170552974114E-16
221.0 4.002399962051346E-16
222.0 4.1232223549707906E-16
223.0 4.246670050150026E-16
224.0 4.372775371277252E-16
225.0 4.501570641719995E-16
226.0 4.633088188636814E-16
227.0 4.767360331382053E-16
228.0 4.904419387178391E-16
229.0 5.044297660462328E-16
230.0 5.187027444064284E-16
231.0 5.332641019735332E-16
232.0 5.481170647673929E-16
233.0 5.632648569544385E-16
234.0 5.787107004581769E-16
235.0 5.944578148458471E-16
236.0 6.105094167201985E-16
237.0 6.268687198249289E-16
238.0 6.435389346614277E-16
239.0 6.605232684861445E-16
240.0 6.778249246954396E-16
241.0 6.954471029901507E-16
242.0 7.133929990896338E-16
243.0 7.316658040943685E-16
244.0 7.502687053850181E-16
245.0 7.69204884877736E-16
246.0 7.884775203001355E-16
247.0 8.080897842226759E-16
248.0 8.280448438538396E-16
249.0 8.4834586152214E-16
250.0 8.689959937488558E-16
251.0 8.8999839134828E-16
252.0 9.113561996703606E-16
253.0 9.330725579438425E-16
254.0 9.551505993164958E-16
255.0 9.775934505931802E-16
256.0 1.0004042327487502E-15
257.0 1.0235860596935998E-15
258.0 1.0471420390083884E-15
259.0 1.0710752715993996E-15
260.0 1.0953888516933482E-15
261.0 1.1200858657410975E-15
262.0 1.145169394348628E-15
263.0 1.1706425103583734E-15
264.0 1.1965082790668145E-15
265.0 1.2227697591465458E-15
266.0 1.2494300012594924E-15
267.0 1.2764920485869389E-15
268.0 1.3039589372933358E-15
269.0 1.3318336949218366E-15
270.0 1.3601193420968341E-15
271.0 1.3888188911882454E-15
272.0 1.4179353464879074E-15
273.0 1.4474717047214953E-15
274.0 1.4774309543868662E-15
275.0 1.5078160759761105E-15
276.0 1.5386300417508937E-15
277.0 1.5698758156662212E-15
278.0 1.6015563532957877E-15
279.0 1.6336746024301463E-15
280.0 1.6662335020355124E-15
281.0 1.6992359825030043E-15
282.0 1.7326849666364423E-15
283.0 1.7665833676993767E-15
284.0 1.800934091278433E-15
285.0 1.8357400338252545E-15
286.0 1.8710040833138562E-15
287.0 1.9067291195869133E-15
288.0 1.9429180131909305E-15
289.0 1.9795736262674E-15
290.0 2.0166988123367883E-15
291.0 2.054296416268416E-15
292.0 2.0923692738403763E-15
293.0 2.130920212306313E-15
294.0 2.169952051018066E-15
295.0 2.209467598454647E-15
296.0 2.249469656180311E-15
297.0 2.289961016528509E-15
298.0 2.3309444629946236E-15
299.0 2.3724227695294207E-15
300.0 2.414398702543882E-15
301.0 2.4568750186431883E-15
302.0 2.4998544659629236E-15
303.0 2.543339783698291E-15
304.0 2.58733370305847E-15
305.0 2.6318389448381628E-15
306.0 2.6768582228065015E-15
307.0 2.7223942407710394E-15
308.0 2.7684496940348377E-15
309.0 2.8150272688877992E-15
310.0 2.8621296436448086E-15
311.0 2.909759487354247E-15
312.0 2.9579194600317716E-15
313.0 3.00661221374155E-15
314.0 3.055840390973156E-15
315.0 3.105606625715685E-15
316.0 3.155913544332274E-15
317.0 3.206763762730529E-15
318.0 3.2581598900684488E-15
319.0 3.3101045250138207E-15
320.0 3.36260025984768E-15
321.0 3.4156496751201733E-15
322.0 3.469255346563142E-15
323.0 3.523419838766726E-15
324.0 3.5781457085057286E-15
325.0 3.633435504152519E-15
326.0 3.689291765692577E-15
327.0 3.745717024082889E-15
328.0 3.802713803886976E-15
329.0 3.860284618026366E-15
330.0 3.918431973723514E-15
331.0 3.9771583685427195E-15
332.0 4.0364662931121515E-15
333.0 4.096358228750364E-15
334.0 4.156836647418323E-15
335.0 4.217904015641403E-15
336.0 4.2795627895753774E-15
337.0 4.341815418587863E-15
338.0 4.40466434273857E-15
339.0 4.468111994616976E-15
340.0 4.5321607986313134E-15
341.0 4.596813171792051E-15
342.0 4.662071522983567E-15
343.0 4.727938251787981E-15
344.0 4.794415751226108E-15
345.0 4.861506407449361E-15
346.0 4.929212596137865E-15
347.0 4.9975366860912385E-15
348.0 5.066481040136864E-15
349.0 5.1360480118725805E-15
350.0 5.206239946457956E-15
351.0 5.277059183182817E-15
352.0 5.348508052971456E-15
353.0 5.420588878803997E-15
354.0 5.493303975719183E-15
355.0 5.5666556526151855E-15
356.0 5.640646210072681E-15
357.0 5.715277942168944E-15
358.0 5.790553133765998E-15
359.0 5.866474063250481E-15
360.0 5.943043003550284E-15
361.0 6.0202622165145444E-15
362.0 6.098133960470864E-15
363.0 6.1766604850726316E-15
364.0 6.255844031739438E-15
365.0 6.335686836115879E-15
366.0 6.416191125650932E-15
367.0 6.497359123119965E-15
368.0 6.579193041640353E-15
369.0 6.661695089222624E-15
370.0 6.744867465227915E-15
371.0 6.8287123629467695E-15
372.0 6.913231969664514E-15
373.0 6.998428464036171E-15
374.0 7.084304020368499E-15
375.0 7.170860803826364E-15
376.0 7.258100974215963E-15
377.0 7.346026684397769E-15
378.0 7.43464008029695E-15
379.0 7.523943302051913E-15
380.0 7.61393848235205E-15
381.0 7.704627747579757E-15
382.0 7.79601321901469E-15
383.0 7.888097008786923E-15
384.0 7.980881225139412E-15
385.0 8.074367969561037E-15
386.0 8.168559334364113E-15
387.0 8.263457410538985E-15
388.0 8.359064278118485E-15
389.0 8.455382014714365E-15
390.0 8.5524126894234E-15
391.0 8.650158364648525E-15
392.0 8.748621099938312E-15
393.0 8.847802945698008E-15
394.0 8.947705946983442E-15
395.0 9.048332144211328E-15
396.0 9.149683569928825E-15
397.0 9.251762253430122E-15
398.0 9.354570213481082E-15
399.0 9.458109468337586E-15
400.0 9.562382027771914E-15
401.0 9.667389895053496E-15
402.0 9.773135071123476E-15
403.0 9.87961954562248E-15
404.0 9.986845309435725E-15
405.0 1.0094814341425652E-14
406.0 1.0203528617553853E-14
407.0 1.0312990110290454E-14
408.0 1.0423200783592565E-14
409.0 1.053416259649449E-14
410.0 1.0645877503898036E-14
411.0 1.0758347455146294E-14
412.0 1.0871574390255568E-14
413.0 1.0985560251218064E-14
414.0 1.11003069677116E-14
415.0 1.1215816467686737E-14
416.0 1.133209067362652E-14
417.0 1.1449131503344358E-14
418.0 1.156694086843928E-14
419.0 1.1685520672675036E-14
420.0 1.1804872821567237E-14
421.0 1.1924999208053096E-14
422.0 1.2045901725313325E-14
423.0 1.216758225957597E-14
424.0 1.2290042690060112E-14
425.0 1.2413284896455698E-14
426.0 1.253731074818067E-14
427.0 1.266212211099695E-14
428.0 1.2787720848791066E-14
429.0 1.2914108816801146E-14
430.0 1.3041287869317052E-14
431.0 1.3169259851082969E-14
432.0 1.3298026604197344E-14
433.0 1.3427589969989708E-14
434.0 1.3557951779330676E-14
435.0 1.3689113860555893E-14
436.0 1.3821078037745287E-14
437.0 1.395384613075408E-14
438.0 1.4087419955243624E-14
439.0 1.4221801319924306E-14
440.0 1.4356992032099375E-14
441.0 1.4492993891196985E-14
442.0 1.4629808695308808E-14
443.0 1.4767438236539006E-14
444.0 1.4905884303852272E-14
445.0 1.5045148679257204E-14
446.0 1.5185233143587483E-14
447.0 1.5326139470732077E-14
448.0 1.5467869433497452E-14
449.0 1.5610424795760215E-14
450.0 1.575380732235776E-14
451.0 1.589801876917686E-14
452.0 1.6043060893180917E-14
453.0 1.6188935441335173E-14
454.0 1.6335644161768318E-14
455.0 1.6483188792542816E-14
456.0 1.6631571075061547E-14
457.0 1.6780792741699902E-14
458.0 1.6930855520949972E-14
459.0 1.708176113957423E-14
460.0 1.7233511318398945E-14
461.0 1.7386107775506168E-14
462.0 1.7539552224110346E-14
463.0 1.7693846374732154E-14
464.0 1.7848991934148715E-14
465.0 1.800499060319013E-14
466.0 1.8161844081153615E-14
467.0 1.83195540613927E-14
468.0 1.8478122234656194E-14
469.0 1.863755028913988E-14
470.0 1.8797839909390575E-14
471.0 1.8958992772858077E-14
472.0 1.9121010553282694E-14
473.0 1.9283894930060813E-14
474.0 1.9447647566200585E-14
475.0 1.9612270128053244E-14
476.0 1.9777764276016092E-14
477.0 1.9944131672862212E-14
478.0 2.011137396704805E-14
479.0 2.0279492813023834E-14
480.0 2.0448489858107615E-14
481.0 2.0618366744839784E-14
482.0 2.0789125113427992E-14
483.0 2.096076660303757E-14
484.0 2.1133292846868525E-14
485.0 2.1306705472086358E-14
486.0 2.1481006108624887E-14
487.0 2.1656196380458937E-14
488.0 2.1832277905534503E-14
489.0 2.200925230214988E-14
490.0 2.2187121185182768E-14
491.0 2.2365886160870507E-14
492.0 2.2545548841113214E-14
493.0 2.2726110827889197E-14
494.0 2.2907573721041664E-14
495.0 2.3089939118321134E-14
496.0 2.3273208614082415E-14
497.0 2.345738380064073E-14
498.0 2.3642466266952785E-14
499.0 2.38284575931407E-14
500.0 2.401535936410727E-14