200.0 1.767996773430028E-18
201.0 1.8882989275369262E-18
202.0 2.0155412649441418E-18
203.0 2.1500485291942417E-18
204.0 2.2921568187483673E-18
205.0 2.4422138267037232E-18
206.0 2.6005790821690327E-18
207.0 2.767624193842426E-18
208.0 2.9437330883559875E-18
209.0 3.129302257672082E-18
210.0 3.3247409975476103E-18
211.0 3.530471651196253E-18
212.0 3.7469298503179015E-18
213.0 3.974564758732537E-18
214.0 4.213839312935109E-18
215.0 4.465230460076396E-18
216.0 4.729229404472935E-18
217.0 5.006341844350444E-18
218.0 5.29708820672065E-18
219.0 5.602003894057015E-18
220.0 5.921639518250644E-18
221.0 6.256561133118245E-18
222.0 6.6073504740041746E-18
223.0 6.974605195895644E-18
224.0 7.358939100136789E-18
225.0 7.760982365651272E-18
226.0 8.181381789105269E-18
227.0 8.620801001559338E-18
228.0 9.079920708244216E-18
229.0 9.559438908997023E-18
230.0 1.0060071118949476E-17
231.0 1.0582550600891817E-17
232.0 1.1127628582222259E-17
233.0 1.1696074473016127E-17
234.0 1.2288676081839907E-17
235.0 1.2906239844948776E-17
236.0 1.3549591021078074E-17
237.0 1.4219573918270363E-17
238.0 1.491705209424161E-17
239.0 1.5642908578193438E-17
240.0 1.639804605905579E-17
241.0 1.7183387099360306E-17
242.0 1.799987434132116E-17
243.0 1.8848470687325338E-17
244.0 1.9730159531124618E-17
245.0 2.0645944911206467E-17
246.0 2.1596851728799532E-17
247.0 2.2583925944318224E-17
248.0 2.360823473731889E-17
249.0 2.4670866719395008E-17
250.0 2.5772932104539027E-17
251.0 2.6915562885977268E-17
252.0 2.8099913025699835E-17
253.0 2.9327158621110125E-17
254.0 3.0598498084166957E-17
255.0 3.1915152297973684E-17
256.0 3.327836480851489E-17
257.0 3.468940196927916E-17
258.0 3.614955311437073E-17
259.0 3.766013071907335E-17
260.0 3.922247054484581E-17
261.0 4.0837931814719975E-17
262.0 4.2507897348973574E-17
263.0 4.4233773732821406E-17
264.0 4.60169914305631E-17
265.0 4.7859004977710054E-17
266.0 4.9761293084669137E-17
267.0 5.172535877345805E-17
268.0 5.375272958055339E-17
269.0 5.584495757491672E-17
270.0 5.80036196129011E-17
271.0 6.02303173690454E-17
272.0 6.252667754053042E-17
273.0 6.489435190229881E-17
274.0 6.73350174716951E-17
275.0 6.985037664353265E-17
276.0 7.24421572503576E-17
277.0 7.511211270180392E-17
278.0 7.786202210298562E-17
279.0 8.069369038012826E-17
280.0 8.360894835554282E-17
281.0 8.660965284902192E-17
282.0 8.969768682214933E-17
283.0 9.28749594156729E-17
284.0 9.614340608874217E-17
285.0 9.950498872433052E-17
286.0 1.0296169565159091E-16
287.0 1.0651554182287692E-16
288.0 1.1016856886280623E-16
289.0 1.1392284511864945E-16
290.0 1.17780465783672E-16
291.0 1.217435529901568E-16
292.0 1.2581425584053829E-16
293.0 1.2999475047851198E-16
294.0 1.3428724028852125E-16
295.0 1.3869395576516453E-16
296.0 1.4321715469049144E-16
297.0 1.478591222867922E-16
298.0 1.526221710736022E-16
299.0 1.5750864113878278E-16
300.0 1.6252090004095626E-16
301.0 1.6766134295327102E-16
302.0 1.7293239268914863E-16
303.0 1.7833649980498917E-16
304.0 1.8387614253564766E-16
305.0 1.895538269932903E-16
306.0 1.9537208707853114E-16
307.0 2.0133348464840802E-16
308.0 2.0744060945199718E-16
309.0 2.1369607926404123E-16
310.0 2.2010253982840476E-16
311.0 2.2666266501364575E-16
312.0 2.333791567285936E-16
313.0 2.402547450584543E-16
314.0 2.472921882576139E-16
315.0 2.5449427268760014E-16
316.0 2.618638130715701E-16
317.0 2.6940365229532687E-16
318.0 2.7711666159524445E-16
319.0 2.850057403858902E-16
320.0 2.9307381655455193E-16
321.0 3.0132384620413354E-16
322.0 3.097588139582375E-16
323.0 3.183817327148912E-16
324.0 3.271956437925088E-16
325.0 3.3620361691657525E-16
326.0 3.4540875032205765E-16
327.0 3.548141705250634E-16
328.0 3.644230327267257E-16
329.0 3.7423852036030863E-16
330.0 3.8426384547034545E-16
331.0 3.945022485301635E-16
332.0 4.04956998509835E-16
333.0 4.1563139288054493E-16
334.0 4.265287575443459E-16
335.0 4.3765244693978123E-16
336.0 4.490058439695562E-16
337.0 4.605923600342473E-16
338.0 4.724154349896328E-16
339.0 4.844785372612527E-16
340.0 4.96785163680704E-16
341.0 5.093388395557058E-16
342.0 5.221431185747485E-16
343.0 5.352015831016039E-16
344.0 5.48517843686287E-16
345.0 5.620955394913648E-16
346.0 5.759383381081208E-16
347.0 5.900499352990383E-16
348.0 6.044340555544698E-16
349.0 6.190944515533622E-16
350.0 6.340349043326374E-16
351.0 6.492592233215111E-16
352.0 6.647712463272604E-16
353.0 6.805748394095271E-16
354.0 6.966738969657011E-16
355.0 7.13072341483363E-16
356.0 7.297741240864062E-16
357.0 7.467832237717557E-16
358.0 7.641036478981955E-16
359.0 7.817394318651976E-16
360.0 7.996946396455436E-16
361.0 8.179733626959101E-16
362.0 8.365797211882401E-16
363.0 8.555178630294933E-16
364.0 8.747919643482982E-16
365.0 8.944062292710822E-16
366.0 9.14364889601737E-16
367.0 9.346722057083236E-16
368.0 9.553324655077746E-16
369.0 9.763499849253406E-16
370.0 9.97729107639229E-16
371.0 1.0194742052711311E-15
372.0 1.0415896774417323E-15
373.0 1.0640799512622504E-15
374.0 1.086949481604083E-15
375.0 1.1102027514038524E-15
376.0 1.1338442707949713E-15
377.0 1.1578785779053529E-15
378.0 1.1823102381352423E-15
379.0 1.2071438449095903E-15
380.0 1.2323840188442679E-15
381.0 1.258035408053202E-15
382.0 1.2841026883016316E-15
383.0 1.3105905624927399E-15
384.0 1.3375037613999672E-15
385.0 1.3648470426532948E-15
386.0 1.3926251912737392E-15
387.0 1.4208430196395443E-15
388.0 1.4495053673449019E-15
389.0 1.4786171012651413E-15
390.0 1.508183115189116E-15
391.0 1.5382083300935852E-15
392.0 1.568697694106985E-15
393.0 1.5996561823561693E-15
394.0 1.6310887965635326E-15
395.0 1.6630005659351791E-15
396.0 1.695396546181012E-15
397.0 1.7282818204342437E-15
398.0 1.7616614974771347E-15
399.0 1.795540713919568E-15
400.0 1.8299246325381275E-15
401.0 1.864818442982649E-15
402.0 1.9002273618817533E-15
403.0 1.936156631170963E-15
404.0 1.9726115210198994E-15
405.0 2.009597326652602E-15
406.0 2.0471193703490983E-15
407.0 2.0851830010074223E-15
408.0 2.123793593365963E-15
409.0 2.1629565486710946E-15
410.0 2.2026772943367512E-15
411.0 2.242961284670297E-15
412.0 2.2838139983336927E-15
413.0 2.3252409423475062E-15
414.0 2.3672476481205373E-15
415.0 2.409839673763317E-15
416.0 2.453022603754168E-15
417.0 2.4968020470300695E-15
418.0 2.541183640308493E-15
419.0 2.586173044468015E-15
420.0 2.63177594742213E-15
421.0 2.6779980614291605E-15
422.0 2.724845125711889E-15
423.0 2.772322904813337E-15
424.0 2.8204371879478855E-15
425.0 2.8691937912041205E-15
426.0 2.9185985550401155E-15
427.0 2.968657345941496E-15
428.0 3.019376055604698E-15
429.0 3.0707606008715005E-15
430.0 3.122816924495509E-15
431.0 3.175550993445448E-15
432.0 3.2289688002775717E-15
433.0 3.28307636354813E-15
434.0 3.3378797253968678E-15
435.0 3.393384953845234E-15
436.0 3.4495981418980343E-15
437.0 3.5065254070295157E-15
438.0 3.564172892263693E-15
439.0 3.62254676474871E-15
440.0 3.6816532168526276E-15
441.0 3.741498465411178E-15
442.0 3.802088752148968E-15
443.0 3.863430342640024E-15
444.0 3.925529528988761E-15
445.0 3.98839262528571E-15
446.0 4.052025971805278E-15
447.0 4.1164359321663724E-15
448.0 4.181628895612546E-15
449.0 4.247611274331106E-15
450.0 4.314389505778531E-15
451.0 4.3819700510232E-15
452.0 4.450359395496414E-15
453.0 4.519564049237669E-15
454.0 4.5895905451334686E-15
455.0 4.660445441130968E-15
456.0 4.7321353184684325E-15
457.0 4.8046667827817656E-15
458.0 4.878046463471481E-15
459.0 4.9522810136414394E-15
460.0 5.027377109723674E-15
461.0 5.1033414520308194E-15
462.0 5.1801807656780515E-15
463.0 5.25790179767146E-15
464.0 5.336511319050592E-15
465.0 5.416016125533728E-15
466.0 5.49642303449429E-15
467.0 5.577738887530608E-15
468.0 5.6599705501180525E-15
469.0 5.743124909480535E-15
470.0 5.8272088787042E-15
471.0 5.912229391088148E-15
472.0 5.998193403910166E-15
473.0 6.085107899532704E-15
474.0 6.172979880616887E-15
475.0 6.261816374432742E-15
476.0 6.3516244298445814E-15
477.0 6.442411121046295E-15
478.0 6.534183542560519E-15
479.0 6.626948812599844E-15
480.0 6.720714072265083E-15
481.0 6.815486485093442E-15
482.0 6.911273236166343E-15
483.0 7.0080815365664685E-15
484.0 7.105918615950146E-15
485.0 7.204791728217905E-15
486.0 7.304708149411856E-15
487.0 7.405675179387848E-15
488.0 7.50770013699238E-15
489.0 7.6107903669516E-15
490.0 7.714953233708827E-15
491.0 7.820196124418756E-15
492.0 7.926526450310977E-15
493.0 8.033951641140735E-15
494.0 8.142479152017707E-15
495.0 8.252116456852163E-15
496.0 8.362871054402775E-15
497.0 8.47475046447888E-15
498.0 8.587762227837759E-15
499.0 8.701913906579825E-15
500.0 8.817213086093651E-15