200.0 2.9712514580937493E-16
201.0 3.0887243750313186E-16
202.0 3.209732435780229E-16
203.0 3.334345687860016E-16
204.0 3.462634709973139E-16
205.0 3.5946706010260806E-16
206.0 3.7305249753211695E-16
207.0 3.870269954684792E-16
208.0 4.0139781567470363E-16
209.0 4.161722691644808E-16
210.0 4.3135771520306427E-16
211.0 4.469615603899726E-16
212.0 4.6299125822252325E-16
213.0 4.79454308020001E-16
214.0 4.963582543262998E-16
215.0 5.137106858715081E-16
216.0 5.315192354061597E-16
217.0 5.4979157841539E-16
218.0 5.685354323370604E-16
219.0 5.877585561677598E-16
220.0 6.074687497426857E-16
221.0 6.27673852696339E-16
222.0 6.483817437933139E-16
223.0 6.696003405356955E-16
224.0 6.913375981248996E-16
225.0 7.136015087363864E-16
226.0 7.364001016403393E-16
227.0 7.597414408731951E-16
228.0 7.836336261896233E-16
229.0 8.080847918690081E-16
230.0 8.331031053332268E-16
231.0 8.586967678957625E-16
232.0 8.84874012793328E-16
233.0 9.116431051413842E-16
234.0 9.390123416509453E-16
235.0 9.669900492254916E-16
236.0 9.95584584894229E-16
237.0 1.0248043353445082E-15
238.0 1.0546577153371973E-15
239.0 1.0851531692357033E-15
240.0 1.1162991673935314E-15
241.0 1.1481042085128541E-15
242.0 1.1805768174171879E-15
243.0 1.2137255444407752E-15
244.0 1.2475589665820279E-15
245.0 1.2820856848578803E-15
246.0 1.3173143245822444E-15
247.0 1.3532535357742581E-15
248.0 1.3899119909710065E-15
249.0 1.4272983862619982E-15
250.0 1.4654214396915654E-15
251.0 1.5042898920912831E-15
252.0 1.543912504938549E-15
253.0 1.5842980608664068E-15
254.0 1.6254553632170501E-15
255.0 1.6673932356029002E-15
256.0 1.7101205212839113E-15
257.0 1.7536460829188302E-15
258.0 1.7979788015488352E-15
259.0 1.843127576940723E-15
260.0 1.8891013274124037E-15
261.0 1.9359089879909296E-15
262.0 1.983559511433436E-15
263.0 2.032061867887165E-15
264.0 2.0814250434273167E-15
265.0 2.131658040080532E-15
266.0 2.1827698768489328E-15
267.0 2.2347695863487402E-15
268.0 2.287666218675825E-15
269.0 2.3414688358072327E-15
270.0 2.396186517079036E-15
271.0 2.4518283544750633E-15
272.0 2.508403453738082E-15
273.0 2.56592093458518E-15
274.0 2.624389929617012E-15
275.0 2.683819585099293E-15
276.0 2.744219059879094E-15
277.0 2.805597523922342E-15
278.0 2.8679641602769038E-15
279.0 2.9313281642851494E-15
280.0 2.9956987421252836E-15
281.0 3.0610851117237884E-15
282.0 3.127496501897597E-15
283.0 3.19494215272867E-15
284.0 3.263431314034656E-15
285.0 3.3329732470587278E-15
286.0 3.40357722261972E-15
287.0 3.4752525218685837E-15
288.0 3.5480084353893266E-15
289.0 3.621854263310192E-15
290.0 3.6967993158204246E-15
291.0 3.772852910791545E-15
292.0 3.850024376848799E-15
293.0 3.928323050250578E-15
294.0 4.007758276939852E-15
295.0 4.088339408869152E-15
296.0 4.170075808460539E-15
297.0 4.252976846970701E-15
298.0 4.3370519010351624E-15
299.0 4.422310356949689E-15
300.0 4.508761607643533E-15
301.0 4.5964150541861E-15
302.0 4.6852801047929645E-15
303.0 4.7753661751071526E-15
304.0 4.866682687148509E-15
305.0 4.959239070511036E-15
306.0 5.0530447608509124E-15
307.0 5.148109202574305E-15
308.0 5.2444418444683465E-15
309.0 5.3420521418759725E-15
310.0 5.440949557584364E-15
311.0 5.541143560764018E-15
312.0 5.642643626338316E-15
313.0 5.745459233782681E-15
314.0 5.849599870638469E-15
315.0 5.955075029852688E-15
316.0 6.061894209634676E-15
317.0 6.170066913314111E-15
318.0 6.279602652030429E-15
319.0 6.3905109396266365E-15
320.0 6.5028012975915576E-15
321.0 6.616483251582141E-15
322.0 6.7315663330445555E-15
323.0 6.8480600785544245E-15
324.0 6.965974029725239E-15
325.0 7.085317733117222E-15
326.0 7.20610074141532E-15
327.0 7.328332610214487E-15
328.0 7.452022901709209E-15
329.0 7.577181182097244E-15
330.0 7.703817023457259E-15
331.0 7.831940001718321E-15
332.0 7.961559697905472E-15
333.0 8.092685697404655E-15
334.0 8.225327589879131E-15
335.0 8.359494970617578E-15
336.0 8.495197439095082E-15
337.0 8.632444597422675E-15
338.0 8.771246057610475E-15
339.0 8.911611428302916E-15
340.0 9.053550327957333E-15
341.0 9.19707237973768E-15
342.0 9.342187207567723E-15
343.0 9.48890444140419E-15
344.0 9.637233717304746E-15
345.0 9.787184671803482E-15
346.0 9.93876695151092E-15
347.0 1.0091990198429876E-14
348.0 1.0246864069622664E-14
349.0 1.0403398215629923E-14
350.0 1.056160230052959E-14
351.0 1.0721485984966171E-14
352.0 1.0883058938942762E-14
353.0 1.1046330835828848E-14
354.0 1.1211311349552467E-14
355.0 1.1378010159866655E-14
356.0 1.1546436954285933E-14
357.0 1.171660141980579E-14
358.0 1.188851325021245E-14
359.0 1.206218214140049E-14
360.0 1.2237617795127025E-14
361.0 1.2414829916133216E-14
362.0 1.2593828213051633E-14
363.0 1.2774622399381003E-14
364.0 1.2957222191467861E-14
365.0 1.3141637312542571E-14
366.0 1.3327877486594388E-14
367.0 1.3515952444494344E-14
368.0 1.37058719177285E-14
369.0 1.3897645645740035E-14
370.0 1.4091283369578807E-14
371.0 1.4286794833949132E-14
372.0 1.448418978940238E-14
373.0 1.4683477991288766E-14
374.0 1.4884669196353974E-14
375.0 1.5087773166033308E-14
376.0 1.5292799668801546E-14
377.0 1.5499758473243816E-14
378.0 1.5708659352585877E-14
379.0 1.591951208832365E-14
380.0 1.6132326463127093E-14
381.0 1.6347112263123785E-14
382.0 1.656387927660452E-14
383.0 1.6782637303957832E-14
384.0 1.7003396141570468E-14
385.0 1.7226165592925592E-14
386.0 1.7450955467448944E-14
387.0 1.7677775576657315E-14
388.0 1.7906635735357316E-14
389.0 1.81375457655965E-14
390.0 1.8370515492755433E-14
391.0 1.8605554745486428E-14
392.0 1.884267335289428E-14
393.0 1.9081881161038912E-14
394.0 1.9323188005441982E-14
395.0 1.956660373162524E-14
396.0 1.9812138193958114E-14
397.0 2.0059801248627585E-14
398.0 2.030960274910717E-14
399.0 2.0561552563527837E-14
400.0 2.0815660558766006E-14
401.0 2.107193660467128E-14
402.0 2.1330390583116778E-14
403.0 2.1591032372998695E-14
404.0 2.1853871857615977E-14
405.0 2.2118918932492238E-14
406.0 2.2386183485185595E-14
407.0 2.2655675418620797E-14
408.0 2.292740464032521E-14
409.0 2.320138105103124E-14
410.0 2.3477614567115514E-14
411.0 2.375611510951759E-14
412.0 2.403689259201438E-14
413.0 2.4319956947675325E-14
414.0 2.460531810398137E-14
415.0 2.4892985996094413E-14
416.0 2.518297056699303E-14
417.0 2.5475281760600705E-14
418.0 2.5769929525138675E-14
419.0 2.6066923816667222E-14
420.0 2.6366274592019764E-14
421.0 2.66679918158777E-14
422.0 2.697208545540535E-14
423.0 2.7278565483835124E-14
424.0 2.7587441876785962E-14
425.0 2.7898724623440203E-14
426.0 2.8212423702237348E-14
427.0 2.852854911082198E-14
428.0 2.8847110843484336E-14
429.0 2.916811890443139E-14
430.0 2.949158329816686E-14
431.0 2.981751403721436E-14
432.0 3.014592113423962E-14
433.0 3.0476814613943513E-14
434.0 3.081020449911137E-14
435.0 3.114610082056955E-14
436.0 3.148451361523967E-14
437.0 3.182545292408701E-14
438.0 3.2168928792068705E-14
439.0 3.2514951268079223E-14
440.0 3.286353040917827E-14
441.0 3.321467627207397E-14
442.0 3.356839892812871E-14
443.0 3.392470844179172E-14
444.0 3.4283614890011427E-14
445.0 3.4645128351374604E-14
446.0 3.500925891720395E-14
447.0 3.537601667143712E-14
448.0 3.574541170840061E-14
449.0 3.61174541307111E-14
450.0 3.649215404706655E-14
451.0 3.686952156054804E-14
452.0 3.7249566791799836E-14
453.0 3.763229986046465E-14
454.0 3.8017730889719647E-14
455.0 3.840587001103915E-14
456.0 3.879672736674552E-14
457.0 3.919031308562806E-14
458.0 3.9586637326794287E-14
459.0 3.9985710230694973E-14
460.0 4.038754195592383E-14
461.0 4.079214266449357E-14
462.0 4.119952252941843E-14
463.0 4.160969171172848E-14
464.0 4.202266039873539E-14
465.0 4.2438438765580955E-14
466.0 4.2857036998276216E-14
467.0 4.3278465293904965E-14
468.0 4.3702733844762346E-14
469.0 4.4129852862234876E-14
470.0 4.4559832547404555E-14
471.0 4.49926831150885E-14
472.0 4.542841478310433E-14
473.0 4.5867037780506516E-14
474.0 4.630856232537826E-14
475.0 4.675299866371503E-14
476.0 4.7200357027602996E-14
477.0 4.765064766312315E-14
478.0 4.8103880819114636E-14
479.0 4.8560066755780886E-14
480.0 4.901921572732194E-14
481.0 4.948133800214339E-14
482.0 4.994644384830831E-14
483.0 5.041454355126572E-14
484.0 5.0885647378091925E-14
485.0 5.13597656282255E-14
486.0 5.1836908579379855E-14
487.0 5.231708654506659E-14
488.0 5.2800309816727727E-14
489.0 5.328658870959275E-14
490.0 5.377593352870414E-14
491.0 5.426835459686175E-14
492.0 5.4763862235894835E-14
493.0 5.5262466772841204E-14
494.0 5.5764178546393657E-14
495.0 5.6269007897320506E-14
496.0 5.6776965161759156E-14
497.0 5.728806069398092E-14
498.0 5.780230485350388E-14
499.0 5.831970799500766E-14
500.0 5.884028048482709E-14