200.0 1.2398014100298042E-34
201.0 1.6050444034764404E-34
202.0 2.0726921991730504E-34
203.0 2.6700007717284785E-34
204.0 3.431092592885275E-34
205.0 4.398588415193643E-34
206.0 5.62560339570783E-34
207.0 7.178183630881743E-34
208.0 9.138273907275393E-34
209.0 1.1607324934796257E-33
210.0 1.4710668743435832E-33
211.0 1.8602815041586672E-33
212.0 2.347384949650014E-33
213.0 2.955714790060978E-33
214.0 3.7138658742008374E-33
215.0 4.656805152049633E-33
216.0 5.827208062719872E-33
217.0 7.277057494523604E-33
218.0 9.069553410974514E-33
219.0 1.1281389353987713E-32
220.0 1.4005461461230153E-32
221.0 1.735408648221305E-32
222.0 2.1462817797888514E-32
223.0 2.649496280385707E-32
224.0 3.264692153928217E-32
225.0 4.0154485362049025E-32
226.0 4.9300256011679944E-32
227.0 6.042237039339523E-32
228.0 7.392474421829376E-32
229.0 9.028908021331625E-32
230.0 1.1008892265770212E-31
231.0 1.3400608228285362E-31
232.0 1.628498013027644E-31
233.0 1.9757908354765115E-31
234.0 2.393286728790327E-31
235.0 2.8943923313735635E-31
236.0 3.494923575068747E-31
237.0 4.213511242472594E-31
238.0 5.072070101556022E-31
239.0 6.096340857014961E-31
240.0 7.3165153353387284E-31
241.0 8.767956761849198E-31
242.0 1.0492028457867773E-30
243.0 1.2537046039771269E-30
244.0 1.495937013156442E-30
245.0 1.7824658689659402E-30
246.0 2.1209300475143676E-30
247.0 2.5202053863218243E-30
248.0 2.9905917982107787E-30
249.0 3.544026674745536E-30
250.0 4.1943279531991436E-30
251.0 4.957470674822235E-30
252.0 5.851901249123407E-30
253.0 6.898894181078517E-30
254.0 8.12295652455094E-30
255.0 9.552285922761737E-30
256.0 1.1219288790592097E-29
257.0 1.3161165844113212E-29
258.0 1.5420573067124115E-29
259.0 1.8046366990777058E-29
260.0 2.109444417144605E-29
261.0 2.4628685788473694E-29
262.0 2.872201940846251E-29
263.0 3.345761128462497E-29
264.0 3.8930203771358973E-29
265.0 4.5247614173673647E-29
266.0 5.253241275767865E-29
267.0 6.092379951817393E-29
268.0 7.057970130730961E-29
269.0 8.167911284417192E-29
270.0 9.442470765382172E-29
271.0 1.0904574720869914E-28
272.0 1.2580131942849116E-28
273.0 1.4498394068821673E-28
274.0 1.6692355823978475E-28
275.0 1.9199199384760273E-28
276.0 2.2060787304669618E-28
277.0 2.5324208777339876E-28
278.0 2.904238458085195E-28
279.0 3.3274736376081945E-28
280.0 3.8087926578838577E-28
281.0 4.355667560618284E-28
282.0 4.9764663840099614E-28
283.0 5.680552625989148E-28
284.0 6.478394840951717E-28
285.0 7.381687310445583E-28
286.0 8.403482785708175E-28
287.0 9.558338426408689E-28
288.0 1.0862476092741451E-27
289.0 1.233395829547101E-27
290.0 1.3992881157178931E-27
291.0 1.5861585922595916E-27
292.0 1.7964890565945317E-27
293.0 2.0330343289772134E-27
294.0 2.2988499717101352E-27
295.0 2.5973225826935526E-27
296.0 2.932202878140516E-27
297.0 3.307641794040464E-27
298.0 3.728229854680363E-27
299.0 4.199040081471799E-27
300.0 4.725674715361442E-27
301.0 5.31431607338337E-27
302.0 5.9717818574910416E-27
303.0 6.705585268132342E-27
304.0 7.524000308106763E-27
305.0 8.436132656993251E-27
306.0 9.451996568755767E-27
307.0 1.0582598237826822E-26
308.0 1.1840026113970165E-26
309.0 1.323754870788996E-26
310.0 1.478972042811802E-26
311.0 1.651249603502168E-26
312.0 1.8423354363185394E-26
313.0 2.0541431943586126E-26
314.0 2.2887667306281616E-26
315.0 2.5484956613100133E-26
316.0 2.835832154038648E-26
317.0 3.153509018470085E-26
318.0 3.5045091933919854E-26
319.0 3.8920867217790524E-26
320.0 4.319789326745537E-26
321.0 4.791482677836405E-26
322.0 5.311376481522441E-26
323.0 5.884052503997818E-26
324.0 6.514494654525025E-26
325.0 7.208121273060719E-26
326.0 7.970819754958933E-26
327.0 8.808983670544141E-26
328.0 9.729552533402291E-26
329.0 1.0740054389784135E-25
330.0 1.1848651403786447E-25
331.0 1.306418862449728E-25
332.0 1.4396246139801785E-25
333.0 1.5855194800338E-25
334.0 1.745225577140532E-25
335.0 1.9199564101180285E-25
336.0 2.111023657480905E-25
337.0 2.3198444096569787E-25
338.0 2.5479488875688833E-25
339.0 2.796988666729277E-25
340.0 3.068745441671955E-25
341.0 3.365140356365556E-25
342.0 3.6882439344159323E-25
343.0 4.0402866481230724E-25
344.0 4.423670149949072E-25
345.0 4.840979220726109E-25
346.0 5.294994455503241E-25
347.0 5.788705742452946E-25
348.0 6.325326573665623E-25
349.0 6.908309220822854E-25
350.0 7.5413608484680965E-25
351.0 8.228460582461446E-25
352.0 8.973877613026782E-25
353.0 9.782190367780486E-25
354.0 1.0658306811373566E-24
355.0 1.160748594974907E-24
356.0 1.263536056994518E-24
357.0 1.3747961301409773E-24
358.0 1.4951742053677017E-24
359.0 1.6253606912378351E-24
360.0 1.766093854020349E-24
361.0 1.918162818374906E-24
362.0 2.0824107369865244E-24
363.0 2.2597381311801127E-24
364.0 2.4511064204765986E-24
365.0 2.6575416414863768E-24
366.0 2.8801383697777342E-24
367.0 3.120063854555195E-24
368.0 3.3785623697299795E-24
369.0 3.6569598018179094E-24
370.0 3.956668477440944E-24
371.0 4.279192241769403E-24
372.0 4.626131805724802E-24
373.0 4.999190366080234E-24
374.0 5.400179516452372E-24
375.0 5.831025457099286E-24
376.0 6.2937755200154275E-24
377.0 6.790605026185386E-24
378.0 7.323824480200318E-24
379.0 7.895887123364877E-24
380.0 8.509396861476319E-24
381.0 9.167116578767892E-24
382.0 9.8719768560278E-24
383.0 1.062708511126335E-23
384.0 1.1435735177645906E-23
385.0 1.2301417343272398E-23
386.0 1.3227828852424503E-23
387.0 1.4218884919044206E-23
388.0 1.5278730242808458E-23
389.0 1.6411751070410813E-23
390.0 1.7622587791221953E-23
391.0 1.8916148134549563E-23
392.0 2.0297620964373303E-23
393.0 2.1772490677935785E-23
394.0 2.3346552271152602E-23
395.0 2.502592707192385E-23
396.0 2.681707916594223E-23
397.0 2.872683255516472E-23
398.0 3.076238904509136E-23
399.0 3.293134695097508E-23
400.0 3.524172056375476E-23
401.0 3.77019604934717E-23
402.0 4.032097485007686E-23
403.0 4.310815132930737E-23
404.0 4.6073380256550926E-23
405.0 4.922707854778402E-23
406.0 5.258021469084984E-23
407.0 5.61443347633245E-23
408.0 5.993158952896642E-23
409.0 6.395476258216687E-23
410.0 6.822729970396483E-23
411.0 7.276333936121037E-23
412.0 7.757774441746927E-23
413.0 8.268613516226987E-23
414.0 8.810492353188535E-23
415.0 9.38513488165935E-23
416.0 9.994351465625793E-23
417.0 1.064004274868345E-22
418.0 1.1324203653276422E-22
419.0 1.2048927519079157E-22
420.0 1.2816410420187264E-22
421.0 1.362895562107636E-22
422.0 1.4488978220324257E-22
423.0 1.5399009955011798E-22
424.0 1.636170418957309E-22
425.0 1.7379841088084765E-22
426.0 1.8456332969040572E-22
427.0 1.9594229866393994E-22
428.0 2.0796725286847937E-22
429.0 2.2067162172848174E-22
430.0 2.340903907057469E-22
431.0 2.4826016542284204E-22
432.0 2.6321923777266892E-22
433.0 2.7900765451157814E-22
434.0 2.956672881829068E-22
435.0 3.1324191053531435E-22
436.0 3.31777268433691E-22
437.0 3.513211624100944E-22
438.0 3.7192352782265314E-22
439.0 3.9363651887511965E-22
440.0 4.1651459532161944E-22
441.0 4.406146121902818E-22
442.0 4.659959124438335E-22
443.0 4.92720422605656E-22
444.0 5.208527518341239E-22
445.0 5.504602936586614E-22
446.0 5.816133317666527E-22
447.0 6.143851484977463E-22
448.0 6.488521373005083E-22
449.0 6.850939183906769E-22
450.0 7.23193458702775E-22
451.0 7.63237194629835E-22
452.0 8.053151595573425E-22
453.0 8.495211148413302E-22
454.0 8.959526849085794E-22
455.0 9.447114967319963E-22
456.0 9.959033234287186E-22
457.0 1.0496382316968445E-21
458.0 1.1060307350851666E-21
459.0 1.165199949937978E-21
460.0 1.2272697582126537E-21
461.0 1.29236897281669E-21
462.0 1.3606315100216615E-21
463.0 1.4321965645792364E-21
464.0 1.5072087929260036E-21
465.0 1.585818498366444E-21
466.0 1.6681818241979006E-21
467.0 1.7544609513574255E-21
468.0 1.84482430111143E-21
469.0 1.9394467450880565E-21
470.0 2.038509819503313E-21
471.0 2.142201946341596E-21
472.0 2.250718660342958E-21
473.0 2.36426284295063E-21
474.0 2.4830449616375625E-21
475.0 2.6072833161044648E-21
476.0 2.737204292446507E-21
477.0 2.8730426213719677E-21
478.0 3.0150416470534526E-21
479.0 3.163453599716892E-21
480.0 3.3185398772461608E-21
481.0 3.480571335144558E-21
482.0 3.649828580731473E-21
483.0 3.826602279444075E-21
484.0 4.011193465650187E-21
485.0 4.203913862150444E-21
486.0 4.405086210354619E-21
487.0 4.615044605037205E-21
488.0 4.8341348402076905E-21
489.0 5.062714763606089E-21
490.0 5.301154638379246E-21
491.0 5.549837516086526E-21
492.0 5.809159617232174E-21
493.0 6.079530721037507E-21
494.0 6.361374566822042E-21
495.0 6.6551292635901965E-21
496.0 6.961247707868422E-21
497.0 7.280198017032226E-21
498.0 7.612463966880365E-21
499.0 7.958545442165346E-21
500.0 8.318958900181082E-21