200.0 3.05835709271725E-35
201.0 3.9687849804324515E-35
202.0 5.137229258313779E-35
203.0 6.63312941326369E-35
204.0 8.543620933689619E-35
205.0 1.0977791338809364E-34
206.0 1.407189847058545E-34
207.0 1.7995754596222171E-34
208.0 2.2960519983407464E-34
209.0 2.922819688441597E-34
210.0 3.7123170786069946E-34
211.0 4.704621148269137E-34
212.0 5.949142372310878E-34
213.0 7.5066727911536365E-34
214.0 9.451855694276684E-34
215.0 1.1876157967472714E-33
216.0 1.489144052226435E-33
217.0 1.8634239108435495E-33
218.0 2.3270887231501466E-33
219.0 2.9003635686532996E-33
220.0 3.6077949291916504E-33
221.0 4.479119184172366E-33
222.0 5.5502945188951624E-33
223.0 6.864724872239245E-33
224.0 8.474709179432978E-33
225.0 1.0443154502862104E-32
226.0 1.2845597707237588E-32
227.0 1.5772587388935847E-32
228.0 1.9332485688945332E-32
229.0 2.3654758728721267E-32
230.0 2.889383489086597E-32
231.0 3.5233621847349786E-32
232.0 4.289278671754514E-32
233.0 5.213091908126028E-32
234.0 6.325571353183464E-32
235.0 7.663132840742076E-32
236.0 9.268809896721089E-32
237.0 1.1193380835764594E-31
238.0 1.349667481169086E-31
239.0 1.6249083052807594E-31
240.0 1.9533305187975506E-31
241.0 2.344636445307419E-31
242.0 2.810193006465135E-31
243.0 3.3632990049794854E-31
244.0 4.019492341136501E-31
245.0 4.7969026703347485E-31
246.0 5.716655714142552E-31
247.0 6.803336195481329E-31
248.0 8.085517263558333E-31
249.0 9.596365183670583E-31
250.0 1.1374329196719834E-30
251.0 1.3463927561042055E-30
252.0 1.5916642165484934E-30
253.0 1.879193550554584E-30
254.0 2.2158405430269934E-30
255.0 2.60950948399054E-30
256.0 3.0692975463371414E-30
257.0 3.6056626936017114E-30
258.0 4.230613494531897E-30
259.0 4.957923446682362E-30
260.0 5.803372742090926E-30
261.0 6.785020678328658E-30
262.0 7.923512290388182E-30
263.0 9.242423149705894E-30
264.0 1.0768646668946829E-29
265.0 1.2532828732670453E-29
266.0 1.4569854948744495E-29
267.0 1.6919396341021458E-29
268.0 1.962651990636576E-29
269.0 2.274237109524389E-29
270.0 2.6324935977447337E-29
271.0 3.0439891538347474E-29
272.0 3.516155349467994E-29
273.0 4.0573931806587125E-29
274.0 4.677190503650832E-29
275.0 5.386252581153005E-29
276.0 6.196647070427737E-29
277.0 7.121964912961846E-29
278.0 8.177498712491465E-29
279.0 9.38044033198325E-29
280.0 1.07500995978786E-28
281.0 1.230814616615552E-28
282.0 1.407887677456078E-28
283.0 1.60895103018344E-28
284.0 1.8370513281741888E-28
285.0 2.095595870524796E-28
286.0 2.3883921226120447E-28
287.0 2.7196912071596554E-28
288.0 3.094235736080075E-28
289.0 3.517312367967521E-28
290.0 3.9948095176978736E-28
291.0 4.533280680466524E-28
292.0 5.140013849953006E-28
293.0 5.823107582180672E-28
294.0 6.591554264834624E-28
295.0 7.4553312123380555E-28
296.0 8.42550025995013E-28
297.0 9.51431655822737E-28
298.0 1.0735347353157721E-27
299.0 1.2103601558949554E-27
300.0 1.3635671032034618E-27
301.0 1.53498844685357E-27
302.0 1.7266474972436713E-27
303.0 1.94077623776224E-27
304.0 2.1798351471656106E-27
305.0 2.4465347410480102E-27
306.0 2.743858961309972E-27
307.0 3.0750905640122983E-27
308.0 3.4438386469558526E-27
309.0 3.854068492938343E-27
310.0 4.3101338924971054E-27
311.0 4.8168121360894656E-27
312.0 5.3793418728028454E-27
313.0 6.0034640430420224E-27
314.0 6.695466118073059E-27
315.0 7.462229867854994E-27
316.0 8.311282932864322E-27
317.0 9.250854442450664E-27
318.0 1.0289934997253492E-26
319.0 1.143834128306203E-26
320.0 1.2706785673660572E-26
321.0 1.4106951135194565E-26
322.0 1.565157181352339E-26
323.0 1.7354519670133512E-26
324.0 1.9230897599960945E-26
325.0 2.129713942434294E-26
326.0 2.3571117236394987E-26
327.0 2.607225658663282E-26
328.0 2.8821659997855377E-26
329.0 3.1842239330142755E-26
330.0 3.5158857622630897E-26
331.0 3.8798480943808865E-26
332.0 4.279034090861995E-26
333.0 4.7166108517445554E-26
334.0 5.196008006206322E-26
335.0 5.720937572713146E-26
336.0 6.295415180267824E-26
337.0 6.923782717452315E-26
338.0 7.610732514940343E-26
339.0 8.361333124677429E-26
340.0 9.181056815364592E-26
341.0 1.0075808876734942E-25
342.0 1.1051958820788495E-25
343.0 1.2116373620310432E-25
344.0 1.3276453078246082E-25
345.0 1.4540167436660333E-25
346.0 1.5916097403916398E-25
347.0 1.7413476662880423E-25
348.0 1.9042237051396454E-25
349.0 2.081305655047856E-25
350.0 2.2737410210320814E-25
351.0 2.4827624188696678E-25
352.0 2.7096933087328715E-25
353.0 2.9559540722697592E-25
354.0 3.223068454122168E-25
355.0 3.5126703855831964E-25
356.0 3.8265112111850264E-25
357.0 4.166467338281403E-25
358.0 4.534548330740008E-25
359.0 4.932905472432538E-25
360.0 5.363840817466695E-25
361.0 5.829816760521829E-25
362.0 6.333466144434334E-25
363.0 6.877602938875832E-25
364.0 7.465233511281471E-25
365.0 8.099568522520448E-25
366.0 8.78403547991546E-25
367.0 9.522291970288915E-25
368.0 1.0318239616541526E-24
369.0 1.1176038783844225E-24
370.0 1.2100124069895045E-24
371.0 1.309522062222934E-24
372.0 1.4166361315249757E-24
373.0 1.5318904825283736E-24
374.0 1.6558554652043452E-24
375.0 1.789137912375559E-24
376.0 1.9323832414768584E-24
377.0 2.086277665401371E-24
378.0 2.2515505157102114E-24
379.0 2.4289766793301194E-24
380.0 2.6193791619541992E-24
381.0 2.823631775162758E-24
382.0 3.04266195580278E-24
383.0 3.277453728366518E-24
384.0 3.529050804858076E-24
385.0 3.79855983962799E-24
386.0 4.087153837098695E-24
387.0 4.396075725653422E-24
388.0 4.726642098259777E-24
389.0 5.080247128515935E-24
390.0 5.4583666737392864E-24
391.0 5.862562565009845E-24
392.0 6.294487096543897E-24
393.0 6.755887719496615E-24
394.0 7.248611957003821E-24
395.0 7.77461252765072E-24
396.0 8.335952713552265E-24
397.0 8.93481196302036E-24
398.0 9.573491735187017E-24
399.0 1.0254421615509821E-23
400.0 1.0980165688668416E-23
401.0 1.175342919246473E-23
402.0 1.2577065464947067E-23
403.0 1.3454083177705992E-23
404.0 1.4387653891587336E-23
405.0 1.5381119923460157E-23
406.0 1.643800255028102E-23
407.0 1.7562010556452047E-23
408.0 1.8757049132260527E-23
409.0 2.0027229143402025E-23
410.0 2.137687678749514E-23
411.0 2.281054363592889E-23
412.0 2.4333017086965775E-23
413.0 2.5949331240491856E-23
414.0 2.766477820484039E-23
415.0 2.948491987917395E-23
416.0 3.141560014469319E-23
417.0 3.3462957607455466E-23
418.0 3.563343878141318E-23
419.0 3.793381180909718E-23
420.0 4.0371180724453135E-23
421.0 4.295300022727713E-23
422.0 4.5687091044859076E-23
423.0 4.858165589059051E-23
424.0 5.164529598443569E-23
425.0 5.488702821403506E-23
426.0 5.831630294290678E-23
427.0 6.194302246397793E-23
428.0 6.577756012564035E-23
429.0 6.983078017223028E-23
430.0 7.41140582826381E-23
431.0 7.863930289756668E-23
432.0 8.341897723946122E-23
433.0 8.846612217444053E-23
434.0 9.379437985963852E-23
435.0 9.941801824743838E-23
436.0 1.0535195636997423E-22
437.0 1.1161179064557738E-22
438.0 1.1821382195970007E-22
439.0 1.2517508370820133E-22
440.0 1.3251337086222983E-22
441.0 1.4024726995247686E-22
442.0 1.4839619006740425E-22
443.0 1.5698039496667737E-22
444.0 1.6602103616481062E-22
445.0 1.755401871305293E-22
446.0 1.8556087876082317E-22
447.0 1.9610713566416008E-22
448.0 2.0720401415086248E-22
449.0 2.188776409157659E-22
450.0 2.311552533310959E-22
451.0 2.440652408346292E-22
452.0 2.5763718775951444E-22
453.0 2.7190191741479976E-22
454.0 2.8689153762745295E-22
455.0 3.0263948769726255E-22
456.0 3.1918058665476777E-22
457.0 3.365510833712347E-22
458.0 3.547887077411914E-22
459.0 3.739327237996109E-22
460.0 3.940239842711265E-22
461.0 4.15104986828781E-22
462.0 4.372199319646062E-22
463.0 4.604147827127955E-22
464.0 4.847373259550936E-22
465.0 5.102372357206891E-22
466.0 5.369661381984187E-22
467.0 5.649776788325168E-22
468.0 5.943275910690108E-22
469.0 6.250737674163054E-22
470.0 6.5727633202650225E-22
471.0 6.909977161316393E-22
472.0 7.263027348142255E-22
473.0 7.632586665783769E-22
474.0 8.019353344509882E-22
475.0 8.424051901939013E-22
476.0 8.847433998507678E-22
477.0 9.290279328391092E-22
478.0 9.753396521937278E-22
479.0 1.023762408316136E-21
480.0 1.0743831346049198E-21
481.0 1.1272919459965769E-21
482.0 1.1825822398189787E-21
483.0 1.2403507998600945E-21
484.0 1.3006979023495778E-21
485.0 1.3637274260435547E-21
486.0 1.4295469630368847E-21
487.0 1.4982679354591521E-21
488.0 1.5700057121190647E-21
489.0 1.6448797297049166E-21
490.0 1.723013618146288E-21
491.0 1.804535325889763E-21
492.0 1.889577252221559E-21
493.0 1.9782763799445207E-21
494.0 2.0707744127599944E-21
495.0 2.1672179156369636E-21
496.0 2.2677584594014753E-21
497.0 2.3725527671124495E-21
498.0 2.4817628665839162E-21
499.0 2.5955562432400562E-21
500.0 2.7141060008505054E-21