200.0 1.2337162889028333E-16
201.0 1.2854345312419596E-16
202.0 1.3388099090611474E-16
203.0 1.3938775343656068E-16
204.0 1.4506727991848247E-16
205.0 1.509231368743099E-16
206.0 1.5695891775785192E-16
207.0 1.6317824237289246E-16
208.0 1.6958475625798213E-16
209.0 1.7618213020056344E-16
210.0 1.829740597386704E-16
211.0 1.8996426451670452E-16
212.0 1.97156487833912E-16
213.0 2.0455449612994917E-16
214.0 2.1216207822009516E-16
215.0 2.1998304519155137E-16
216.0 2.2802122935830586E-16
217.0 2.3628048424065233E-16
218.0 2.4476468352094857E-16
219.0 2.534777208974659E-16
220.0 2.6242350957131035E-16
221.0 2.716059812780051E-16
222.0 2.810290864373524E-16
223.0 2.9069679293653335E-16
224.0 3.00613086210236E-16
225.0 3.107819684442609E-16
226.0 3.212074580140336E-16
227.0 3.318935892116525E-16
228.0 3.4284441154339434E-16
229.0 3.540639894380031E-16
230.0 3.655564014931074E-16
231.0 3.77325740195416E-16
232.0 3.893761113446397E-16
233.0 4.0171163391039103E-16
234.0 4.143364388312579E-16
235.0 4.2725466926115464E-16
236.0 4.404704799771699E-16
237.0 4.539880364931058E-16
238.0 4.678115150106313E-16
239.0 4.81945102095189E-16
240.0 4.963929937219762E-16
241.0 5.11159395522971E-16
242.0 5.262485216499813E-16
243.0 5.416645948101252E-16
244.0 5.574118457243895E-16
245.0 5.734945127060095E-16
246.0 5.89916841518075E-16
247.0 6.066830844301205E-16
248.0 6.237975002088226E-16
249.0 6.412643537300387E-16
250.0 6.5908791552007135E-16
251.0 6.772724612910215E-16
252.0 6.958222717072085E-16
253.0 7.147416320153532E-16
254.0 7.340348317622956E-16
255.0 7.537061638505138E-16
256.0 7.737599253382547E-16
257.0 7.94200415834986E-16
258.0 8.15031938172986E-16
259.0 8.36258797557748E-16
260.0 8.578853012193709E-16
261.0 8.79915758261115E-16
262.0 9.023544794377983E-16
263.0 9.252057766488373E-16
264.0 9.484739627192975E-16
265.0 9.721633509875927E-16
266.0 9.962782553136608E-16
267.0 1.0208229894733631E-15
268.0 1.0458018671883787E-15
269.0 1.0712192011732362E-15
270.0 1.0970793040842845E-15
271.0 1.1233864867730686E-15
272.0 1.1501450593920545E-15
273.0 1.1773593303253787E-15
274.0 1.2050336062843248E-15
275.0 1.2331721915502439E-15
276.0 1.2617793884725818E-15
277.0 1.2908594967242252E-15
278.0 1.3204168133175301E-15
279.0 1.350455632376961E-15
280.0 1.3809802447743122E-15
281.0 1.4119949376076365E-15
282.0 1.4435039949722855E-15
283.0 1.4755116970544883E-15
284.0 1.5080223194522404E-15
285.0 1.541040133999588E-15
286.0 1.5745694082899582E-15
287.0 1.608614405170024E-15
288.0 1.6431793825298828E-15
289.0 1.6782685937619662E-15
290.0 1.7138862864290998E-15
291.0 1.7500367037434595E-15
292.0 1.7867240827179217E-15
293.0 1.8239526549965258E-15
294.0 1.8617266465254422E-15
295.0 1.900050277393424E-15
296.0 1.938927761487531E-15
297.0 1.9783633065146708E-15
298.0 2.018361114238983E-15
299.0 2.058925379181094E-15
300.0 2.1000602896121305E-15
301.0 2.1417700278509615E-15
302.0 2.1840587674945636E-15
303.0 2.2269306771335323E-15
304.0 2.27038991695833E-15
305.0 2.3144406407001275E-15
306.0 2.359086994020791E-15
307.0 2.4043331161286016E-15
308.0 2.450183137914231E-15
309.0 2.496641182468475E-15
310.0 2.5437113659002913E-15
311.0 2.591397796332638E-15
312.0 2.6397045730563495E-15
313.0 2.688635788574761E-15
314.0 2.7381955268493103E-15
315.0 2.7883878629142572E-15
316.0 2.8392168647879698E-15
317.0 2.890686591385413E-15
318.0 2.9428010936983825E-15
319.0 2.9955644131312162E-15
320.0 3.04898058379548E-15
321.0 3.1030536308608405E-15
322.0 3.157787570452967E-15
323.0 3.2131864101225952E-15
324.0 3.269254148785914E-15
325.0 3.325994776666481E-15
326.0 3.3834122743462156E-15
327.0 3.4415106135533104E-15
328.0 3.500293758638207E-15
329.0 3.559765662593888E-15
330.0 3.619930270609493E-15
331.0 3.680791517873889E-15
332.0 3.742353331724721E-15
333.0 3.804619629395052E-15
334.0 3.867594318897696E-15
335.0 3.9312812986435616E-15
336.0 3.9956844594209125E-15
337.0 4.060807679282291E-15
338.0 4.126654830977505E-15
339.0 4.1932297750923335E-15
340.0 4.260536363058916E-15
341.0 4.328578437866593E-15
342.0 4.3973598326186334E-15
343.0 4.466884370097448E-15
344.0 4.53715586494909E-15
345.0 4.608178121443895E-15
346.0 4.679954934168451E-15
347.0 4.752490089560974E-15
348.0 4.8257873619979626E-15
349.0 4.89985051884615E-15
350.0 4.97468331611844E-15
351.0 5.050289500404204E-15
352.0 5.126672810113934E-15
353.0 5.2038369721662826E-15
354.0 5.28178570570483E-15
355.0 5.36052271829732E-15
356.0 5.440051709744729E-15
357.0 5.520376368632418E-15
358.0 5.601500376258747E-15
359.0 5.683427401314911E-15
360.0 5.766161104288269E-15
361.0 5.849705137073359E-15
362.0 5.93406314114198E-15
363.0 6.019238747010894E-15
364.0 6.105235577523585E-15
365.0 6.192057246497048E-15
366.0 6.279707355795412E-15
367.0 6.368189499169562E-15
368.0 6.457507261331531E-15
369.0 6.547664215436612E-15
370.0 6.638663928112992E-15
371.0 6.730509953907796E-15
372.0 6.8232058388241064E-15
373.0 6.916755120376014E-15
374.0 7.011161323881765E-15
375.0 7.106427969380351E-15
376.0 7.202558564173218E-15
377.0 7.299556606532616E-15
378.0 7.397425587411597E-15
379.0 7.496168986023885E-15
380.0 7.595790273733588E-15
381.0 7.696292911825978E-15
382.0 7.797680353230048E-15
383.0 7.899956039619371E-15
384.0 8.003123407292596E-15
385.0 8.107185880140277E-15
386.0 8.212146871316581E-15
387.0 8.31800979056804E-15
388.0 8.42477803209032E-15
389.0 8.532454986787769E-15
390.0 8.641044031784709E-15
391.0 8.750548536614715E-15
392.0 8.860971864606854E-15
393.0 8.972317364530587E-15
394.0 9.084588382892611E-15
395.0 9.197788251601304E-15
396.0 9.311920296464346E-15
397.0 9.426987833940378E-15
398.0 9.542994169756283E-15
399.0 9.659942605079965E-15
400.0 9.77783642833399E-15
401.0 9.896678920680325E-15
402.0 1.001647335468242E-14
403.0 1.0137222995050136E-14
404.0 1.025893109432835E-14
405.0 1.0381600900833893E-14
406.0 1.0505235652206593E-14
407.0 1.062983857757514E-14
408.0 1.0755412897578567E-14
409.0 1.0881961824387664E-14
410.0 1.10094885609561E-14
411.0 1.1137996304113797E-14
412.0 1.1267488240772645E-14
413.0 1.139796754866661E-14
414.0 1.1529437397133812E-14
415.0 1.1661900950358007E-14
416.0 1.1795361361027721E-14
417.0 1.1929821775130964E-14
418.0 1.2065285329562865E-14
419.0 1.2201755152105898E-14
420.0 1.2339234365621584E-14
421.0 1.2477726083115336E-14
422.0 1.2617233408535267E-14
423.0 1.2757759439344575E-14
424.0 1.2899307264865846E-14
425.0 1.304187996453586E-14
426.0 1.3185480613167982E-14
427.0 1.3330112274851302E-14
428.0 1.3475778008265637E-14
429.0 1.362248086134509E-14
430.0 1.3770223876683553E-14
431.0 1.3919010088883415E-14
432.0 1.4068842523631856E-14
433.0 1.4219724199554856E-14
434.0 1.4371658128265707E-14
435.0 1.4524647313455042E-14
436.0 1.4678694749933616E-14
437.0 1.4833803425546713E-14
438.0 1.4989976327108447E-14
439.0 1.5147216419911338E-14
440.0 1.5305526675098606E-14
441.0 1.5464910050121446E-14
442.0 1.5625369496611E-14
443.0 1.5786907958419283E-14
444.0 1.5949528374712518E-14
445.0 1.6113233669714224E-14
446.0 1.6278026773349517E-14
447.0 1.6443910593302713E-14
448.0 1.66108880431436E-14
449.0 1.6778962020365608E-14
450.0 1.694813542333036E-14
451.0 1.7118411134188146E-14
452.0 1.728979203499174E-14
453.0 1.7462281001357524E-14
454.0 1.7635880895822045E-14
455.0 1.7810594578849398E-14
456.0 1.7986424902254373E-14
457.0 1.8163374712573212E-14
458.0 1.8341446849996078E-14
459.0 1.852064414493307E-14
460.0 1.8700969422583328E-14
461.0 1.888242550183962E-14
462.0 1.9065015196507374E-14
463.0 1.924874131180706E-14
464.0 1.9433606644321162E-14
465.0 1.9619613987987756E-14
466.0 1.9806766128174004E-14
467.0 1.9995065845302952E-14
468.0 2.0184515911220363E-14
469.0 2.0375119095365927E-14
470.0 2.0566878154901644E-14
471.0 2.0759795844627578E-14
472.0 2.0953874910782913E-14
473.0 2.1149118098678252E-14
474.0 2.1345528139994316E-14
475.0 2.1543107764240968E-14
476.0 2.1741859694993614E-14
477.0 2.194178664860258E-14
478.0 2.2142891335502408E-14
479.0 2.2345176460238622E-14
480.0 2.2548644721494355E-14
481.0 2.2753298810759533E-14
482.0 2.295914141504097E-14
483.0 2.3166175214183812E-14
484.0 2.3374402883618052E-14
485.0 2.3583827094429867E-14
486.0 2.3794450503605592E-14
487.0 2.4006275773556447E-14
488.0 2.4219305554023718E-14
489.0 2.443354248615847E-14
490.0 2.4648989213985907E-14
491.0 2.4865648373099086E-14
492.0 2.5083522589120174E-14
493.0 2.5302614484932958E-14
494.0 2.5522926677836667E-14
495.0 2.57444617795639E-14
496.0 2.5967222397801136E-14
497.0 2.6191211128699337E-14
498.0 2.6416430571904588E-14
499.0 2.664288331403044E-14
500.0 2.687057194075395E-14