200.0 5.621971011095602E-17
201.0 5.875110329964996E-17
202.0 6.137141904146048E-17
203.0 6.408282227013543E-17
204.0 6.688750296535403E-17
205.0 6.978767590667922E-17
206.0 7.278558040181773E-17
207.0 7.5883480089163E-17
208.0 7.908366260730287E-17
209.0 8.238843939037747E-17
210.0 8.58001453559369E-17
211.0 8.93211386635845E-17
212.0 9.295380046434307E-17
213.0 9.670053458641824E-17
214.0 1.0056376722287347E-16
215.0 1.0454594676337111E-16
216.0 1.0864954337390239E-16
217.0 1.1287704887299131E-16
218.0 1.1723097620866298E-16
219.0 1.2171385942622025E-16
220.0 1.263282531784555E-16
221.0 1.310767325330008E-16
222.0 1.3596189264182938E-16
223.0 1.4098634843859352E-16
224.0 1.46152734408931E-16
225.0 1.5146370416093734E-16
226.0 1.5692193022814497E-16
227.0 1.6253010370794788E-16
228.0 1.6829093409946072E-16
229.0 1.7420714875284968E-16
230.0 1.8028149278818129E-16
231.0 1.865167287094749E-16
232.0 1.9291563607397046E-16
233.0 1.994810113039619E-16
234.0 2.062156671658332E-16
235.0 2.131224327300675E-16
236.0 2.2020415297806184E-16
237.0 2.274636883642391E-16
238.0 2.349039146381185E-16
239.0 2.425277226895466E-16
240.0 2.503380178803883E-16
241.0 2.583377202355472E-16
242.0 2.6652976364496273E-16
243.0 2.749170959540095E-16
244.0 2.83502678521288E-16
245.0 2.922894858200692E-16
246.0 3.012805054807461E-16
247.0 3.1047873755991423E-16
248.0 3.1988719470026783E-16
249.0 3.295089015299218E-16
250.0 3.393468944788463E-16
251.0 3.4940422161366335E-16
252.0 3.59683942164521E-16
253.0 3.701891263168817E-16
254.0 3.809228551887161E-16
255.0 3.9188822001003364E-16
256.0 4.030883224852276E-16
257.0 4.1452627400514156E-16
258.0 4.262051958243105E-16
259.0 4.381282185306296E-16
260.0 4.502984816254548E-16
261.0 4.627191337448917E-16
262.0 4.753933319646477E-16
263.0 4.883242419479567E-16
264.0 5.015150372273769E-16
265.0 5.149688994252491E-16
266.0 5.286890176883139E-16
267.0 5.426785885453611E-16
268.0 5.569408158414973E-16
269.0 5.71478910028219E-16
270.0 5.862960885123922E-16
271.0 6.013955750695871E-16
272.0 6.167805997960946E-16
273.0 6.324543986228243E-16
274.0 6.484202135439309E-16
275.0 6.646812917292352E-16
276.0 6.812408859674776E-16
277.0 6.981022541874605E-16
278.0 7.152686592414255E-16
279.0 7.327433686151775E-16
280.0 7.505296543615921E-16
281.0 7.68630792740931E-16
282.0 7.8705006440461E-16
283.0 8.057907536493301E-16
284.0 8.2485614860508355E-16
285.0 8.442495407094179E-16
286.0 8.63974225270005E-16
287.0 8.840335003538319E-16
288.0 9.044306670075193E-16
289.0 9.251690292551479E-16
290.0 9.46251893464396E-16
291.0 9.676825688060197E-16
292.0 9.894643662357539E-16
293.0 1.0116005994595573E-15
294.0 1.034094583511353E-15
295.0 1.056949635448689E-15
296.0 1.0801690738953298E-15
297.0 1.103756219191416E-15
298.0 1.1277143923869031E-15
299.0 1.1520469161318817E-15
300.0 1.1767571141119001E-15
301.0 1.2018483104382743E-15
302.0 1.22732383027339E-15
303.0 1.2531869988827812E-15
304.0 1.2794411424129399E-15
305.0 1.3060895871744881E-15
306.0 1.333135659364358E-15
307.0 1.360582685539018E-15
308.0 1.388433991732247E-15
309.0 1.4166929038111227E-15
310.0 1.4453627474849148E-15
311.0 1.4744468475139852E-15
312.0 1.5039485283730538E-15
313.0 1.5338711137332006E-15
314.0 1.5642179261902495E-15
315.0 1.5949922874162623E-15
316.0 1.6261975178978146E-15
317.0 1.6578369371116506E-15
318.0 1.6899138632736136E-15
319.0 1.7224316126104306E-15
320.0 1.7553935001470209E-15
321.0 1.788802839305321E-15
322.0 1.8226629417999023E-15
323.0 1.8569771170405455E-15
324.0 1.8917486731644306E-15
325.0 1.9269809156272433E-15
326.0 1.9626771482612215E-15
327.0 1.998840672165361E-15
328.0 2.035474786637597E-15
329.0 2.0725827882169777E-15
330.0 2.110167970746906E-15
331.0 2.148233626199846E-15
332.0 2.1867830429416038E-15
333.0 2.22581950748922E-15
334.0 2.2653463031309376E-15
335.0 2.3053667100084046E-15
336.0 2.345884006017191E-15
337.0 2.3869014649515173E-15
338.0 2.428422358408114E-15
339.0 2.4704499545224813E-15
340.0 2.512987518084631E-15
341.0 2.5560383102433734E-15
342.0 2.599605589283238E-15
343.0 2.6436926097068645E-15
344.0 2.6883026232624217E-15
345.0 2.7334388766564504E-15
346.0 2.7791046141485975E-15
347.0 2.825303076168951E-15
348.0 2.8720374985341778E-15
349.0 2.919311114244846E-15
350.0 2.967127152034094E-15
351.0 3.015488837018712E-15
352.0 3.06439938991163E-15
353.0 3.11386202718795E-15
354.0 3.1638799622961493E-15
355.0 3.2144564030760046E-15
356.0 3.2655945552883104E-15
357.0 3.317297618170038E-15
358.0 3.3695687885486765E-15
359.0 3.422411258179438E-15
360.0 3.475828213644676E-15
361.0 3.5298228390566546E-15
362.0 3.584398312726174E-15
363.0 3.639557809039821E-15
364.0 3.695304497867121E-15
365.0 3.751641544514872E-15
366.0 3.808572109383778E-15
367.0 3.866099348811624E-15
368.0 3.924226414454458E-15
369.0 3.9829564532431935E-15
370.0 4.042292607027447E-15
371.0 4.102238013782151E-15
372.0 4.162795806018035E-15
373.0 4.223969111676011E-15
374.0 4.285761054104915E-15
375.0 4.3481747520401826E-15
376.0 4.4112133192464094E-15
377.0 4.474879863456501E-15
378.0 4.539177489715607E-15
379.0 4.604109296300984E-15
380.0 4.669678377049353E-15
381.0 4.735887822427657E-15
382.0 4.802740714548835E-15
383.0 4.870240134242379E-15
384.0 4.938389155341824E-15
385.0 5.007190847154601E-15
386.0 5.076648272580422E-15
387.0 5.146764492205437E-15
388.0 5.217542559035659E-15
389.0 5.288985523011102E-15
390.0 5.361096427549692E-15
391.0 5.433878311040147E-15
392.0 5.50733420803544E-15
393.0 5.581467146452816E-15
394.0 5.65628014994186E-15
395.0 5.731776236665864E-15
396.0 5.807958419686375E-15
397.0 5.884829707374247E-15
398.0 5.9623931021300196E-15
399.0 6.040651602061786E-15
400.0 6.1196081992625645E-15
401.0 6.199265881081458E-15
402.0 6.2796276301335166E-15
403.0 6.360696422952647E-15
404.0 6.4424752303893926E-15
405.0 6.524967020346743E-15
406.0 6.608174752751309E-15
407.0 6.692101385056914E-15
408.0 6.776749867135937E-15
409.0 6.8621231445150365E-15
410.0 6.948224158410848E-15
411.0 7.035055844293967E-15
412.0 7.122621130365399E-15
413.0 7.210922943454047E-15
414.0 7.299964200606129E-15
415.0 7.389747819572673E-15
416.0 7.480276706206175E-15
417.0 7.571553766618525E-15
418.0 7.663581898508383E-15
419.0 7.756363994712972E-15
420.0 7.849902944292761E-15
421.0 7.94420163043165E-15
422.0 8.03926293039911E-15
423.0 8.135089717166121E-15
424.0 8.231684858331191E-15
425.0 8.329051215545984E-15
426.0 8.427191646177776E-15
427.0 8.526109002777187E-15
428.0 8.625806129624193E-15
429.0 8.726285871914008E-15
430.0 8.82755106249965E-15
431.0 8.929604534625293E-15
432.0 9.03244911319039E-15
433.0 9.136087620045181E-15
434.0 9.240522869812921E-15
435.0 9.34575767472178E-15
436.0 9.4517948385131E-15
437.0 9.55863716130561E-15
438.0 9.666287441563253E-15
439.0 9.774748464756815E-15
440.0 9.884023019758423E-15
441.0 9.994113884276498E-15
442.0 1.0105023833107344E-14
443.0 1.0216755636910803E-14
444.0 1.0329312062252549E-14
445.0 1.0442695864244676E-14
446.0 1.0556909802557374E-14
447.0 1.0671956622671719E-14
448.0 1.0787839071363496E-14
449.0 1.0904559887230906E-14
450.0 1.1022121806178226E-14
451.0 1.1140527555851168E-14
452.0 1.1259779862642705E-14
453.0 1.1379881445372672E-14
454.0 1.1500835018084631E-14
455.0 1.1622643292987928E-14
456.0 1.1745308970251154E-14
457.0 1.1868834754836715E-14
458.0 1.1993223338139203E-14
459.0 1.211847741125475E-14
460.0 1.2244599659834527E-14
461.0 1.2371592764065045E-14
462.0 1.2499459398648159E-14
463.0 1.262820223512639E-14
464.0 1.2757823938014972E-14
465.0 1.2888327169485592E-14
466.0 1.301971458386444E-14
467.0 1.3151988834782295E-14
468.0 1.3285152565577095E-14
469.0 1.341920842138533E-14
470.0 1.3554159037005787E-14
471.0 1.3690007045016854E-14
472.0 1.3826755071683038E-14
473.0 1.3964405742824725E-14
474.0 1.4102961673753376E-14
475.0 1.424242547850713E-14
476.0 1.438279976565914E-14
477.0 1.4524087138292864E-14
478.0 1.466629019749573E-14
479.0 1.4809411536261807E-14
480.0 1.495345374561821E-14
481.0 1.5098419410232975E-14
482.0 1.5244311111075538E-14
483.0 1.5391131423629993E-14
484.0 1.5538882920629484E-14
485.0 1.5687568169348926E-14
486.0 1.5837189728773777E-14
487.0 1.598775016170533E-14
488.0 1.613925201990534E-14
489.0 1.6291697850545997E-14
490.0 1.64450901981392E-14
491.0 1.6599431604612055E-14
492.0 1.6754724603523305E-14
493.0 1.6910971726812012E-14
494.0 1.706817550292689E-14
495.0 1.7226338448883182E-14
496.0 1.738546308609717E-14
497.0 1.7545551927553133E-14
498.0 1.770660748276103E-14
499.0 1.7868632252661177E-14
500.0 1.803162874085755E-14