200.0 3.2214760420456656E-16
201.0 3.3432870777835217E-16
202.0 3.4685181040813437E-16
203.0 3.597228149475968E-16
204.0 3.729476449084374E-16
205.0 3.8653224358540726E-16
206.0 4.0048257281962384E-16
207.0 4.148046124095124E-16
208.0 4.295043588916982E-16
209.0 4.445878247061381E-16
210.0 4.600610373913336E-16
211.0 4.759300386818375E-16
212.0 4.9220088328339965E-16
213.0 5.088796386282857E-16
214.0 5.259723835584403E-16
215.0 5.434852070826811E-16
216.0 5.614242088707074E-16
217.0 5.797954970798187E-16
218.0 5.986051881617388E-16
219.0 6.178594059835308E-16
220.0 6.375642812793031E-16
221.0 6.577259502996691E-16
222.0 6.78350554429544E-16
223.0 6.994442399737781E-16
224.0 7.21013156285259E-16
225.0 7.43063456088031E-16
226.0 7.656012939429492E-16
227.0 7.886328262867752E-16
228.0 8.121642102727757E-16
229.0 8.362016038039325E-16
230.0 8.60751163324467E-16
231.0 8.858190454556898E-16
232.0 9.114114044852498E-16
233.0 9.375343925794403E-16
234.0 9.641941589536597E-16
235.0 9.913968499883204E-16
236.0 1.0191486071048776E-15
237.0 1.0474555681044655E-15
238.0 1.0763238649039658E-15
239.0 1.1057596247510258E-15
240.0 1.1357689680357654E-15
241.0 1.1663580092081478E-15
242.0 1.1975328549275394E-15
243.0 1.2292996045016972E-15
244.0 1.2616643498737737E-15
245.0 1.2946331738604E-15
246.0 1.3282121499273023E-15
247.0 1.3624073434348987E-15
248.0 1.397224808914544E-15
249.0 1.4326705913400893E-15
250.0 1.4687507249379623E-15
251.0 1.5054712329348593E-15
252.0 1.5428381273349482E-15
253.0 1.5808574085477636E-15
254.0 1.6195350648422838E-15
255.0 1.6588770719737777E-15
256.0 1.6988893937699248E-15
257.0 1.7395779801209686E-15
258.0 1.7809487683359304E-15
259.0 1.8230076812820848E-15
260.0 1.865760629461001E-15
261.0 1.9092135070834162E-15
262.0 1.9533721956314177E-15
263.0 1.998242561785218E-15
264.0 2.0438304560279333E-15
265.0 2.090141714750369E-15
266.0 2.137182159181132E-15
267.0 2.184957593520539E-15
268.0 2.2334738079189136E-15
269.0 2.2827365742799044E-15
270.0 2.3327516505446434E-15
271.0 2.3835247766562084E-15
272.0 2.435061676778971E-15
273.0 2.4873680576119145E-15
274.0 2.5404496086714E-15
275.0 2.594312003985851E-15
276.0 2.6489608987635195E-15
277.0 2.7044019307674827E-15
278.0 2.7606407207250536E-15
279.0 2.8176828713522357E-15
280.0 2.8755339677688806E-15
281.0 2.9341995776774293E-15
282.0 2.9936852494458666E-15
283.0 3.053996514656864E-15
284.0 3.1151388849562697E-15
285.0 3.1771178553143266E-15
286.0 3.2399389011317714E-15
287.0 3.3036074800226925E-15
288.0 3.3681290304348256E-15
289.0 3.4335089728730407E-15
290.0 3.499752707793268E-15
291.0 3.566865617875648E-15
292.0 3.6348530676722E-15
293.0 3.703720400327185E-15
294.0 3.773472943202132E-15
295.0 3.844116001333665E-15
296.0 3.915654863565109E-15
297.0 3.988094798475827E-15
298.0 4.061441055409921E-15
299.0 4.1356988652127715E-15
300.0 4.210873439028084E-15
301.0 4.286969968625158E-15
302.0 4.363993627177924E-15
303.0 4.4419495692766536E-15
304.0 4.520842929237393E-15
305.0 4.600678822295381E-15
306.0 4.681462345031748E-15
307.0 4.763198574949764E-15
308.0 4.845892569564807E-15
309.0 4.9295493690801905E-15
310.0 5.014173991870791E-15
311.0 5.099771439461465E-15
312.0 5.1863466938248625E-15
313.0 5.273904716866006E-15
314.0 5.362450452806211E-15
315.0 5.451988826794102E-15
316.0 5.5425247433999044E-15
317.0 5.6340630895770665E-15
318.0 5.726608734766803E-15
319.0 5.820166526819687E-15
320.0 5.914741297132415E-15
321.0 6.010337855456013E-15
322.0 6.106960996800557E-15
323.0 6.204615494559476E-15
324.0 6.303306104806512E-15
325.0 6.403037564149398E-15
326.0 6.50381459199139E-15
327.0 6.6056418877506265E-15
328.0 6.708524134316237E-15
329.0 6.812465995826771E-15
330.0 6.9174721164773775E-15
331.0 7.0235471228892765E-15
332.0 7.130695627270546E-15
333.0 7.238922218958663E-15
334.0 7.348231470476412E-15
335.0 7.458627938928616E-15
336.0 7.570116160384657E-15
337.0 7.68270065430989E-15
338.0 7.796385925670614E-15
339.0 7.91117645513487E-15
340.0 8.027076712945598E-15
341.0 8.144091147066284E-15
342.0 8.262224190570799E-15
343.0 8.38148025763986E-15
344.0 8.501863745650554E-15
345.0 8.623379037408083E-15
346.0 8.746030494825284E-15
347.0 8.869822464625023E-15
348.0 8.994759277760834E-15
349.0 9.120845245791515E-15
350.0 9.24808466609995E-15
351.0 9.376481818266372E-15
352.0 9.506040966387184E-15
353.0 9.636766356063884E-15
354.0 9.76866221831009E-15
355.0 9.90173276651388E-15
356.0 1.0035982199661509E-14
357.0 1.0171414700864549E-14
358.0 1.030803443413195E-14
359.0 1.044584554927648E-14
360.0 1.0584852183759774E-14
361.0 1.0725058451865181E-14
362.0 1.086646845986597E-14
363.0 1.1009086294317667E-14
364.0 1.1152916025419934E-14
365.0 1.12979617132519E-14
366.0 1.1444227394659876E-14
367.0 1.1591717100124775E-14
368.0 1.1740434840558269E-14
369.0 1.1890384608063271E-14
370.0 1.2041570387944064E-14
371.0 1.2193996144102468E-14
372.0 1.2347665830195969E-14
373.0 1.2502583382240205E-14
374.0 1.2658752722408636E-14
375.0 1.2816177762076393E-14
376.0 1.2974862390190738E-14
377.0 1.31348104889303E-14
378.0 1.3296025924052484E-14
379.0 1.345851254586831E-14
380.0 1.3622274192328196E-14
381.0 1.3787314687092596E-14
382.0 1.395363783853219E-14
383.0 1.4121247443954364E-14
384.0 1.4290147285526864E-14
385.0 1.44603411335038E-14
386.0 1.463183273984497E-14
387.0 1.4804625850124346E-14
388.0 1.4978724190635362E-14
389.0 1.5154131478231662E-14
390.0 1.5330851416056842E-14
391.0 1.5508887692442485E-14
392.0 1.5688243985481288E-14
393.0 1.5868923958581553E-14
394.0 1.605093126161497E-14
395.0 1.6234269535659986E-14
396.0 1.641894240372557E-14
397.0 1.6604953484962447E-14
398.0 1.679230637453833E-14
399.0 1.6981004663936513E-14
400.0 1.7171051929088717E-14
401.0 1.7362451735256515E-14
402.0 1.755520763715684E-14
403.0 1.774932317150871E-14
404.0 1.794480187084571E-14
405.0 1.814164725106171E-14
406.0 1.8339862815148477E-14
407.0 1.853945205973773E-14
408.0 1.874041846616287E-14
409.0 1.8942765505671497E-14
410.0 1.9146496636863286E-14
411.0 1.9351615311096E-14
412.0 1.9558124960459594E-14
413.0 1.976602901396936E-14
414.0 1.9975330886887928E-14
415.0 2.018603397927402E-14
416.0 2.0398141689928257E-14
417.0 2.0611657399831422E-14
418.0 2.0826584479057665E-14
419.0 2.1042926286823317E-14
420.0 2.126068617734135E-14
421.0 2.1479867486930518E-14
422.0 2.170047354851912E-14
423.0 2.1922507680089065E-14
424.0 2.2145973189038574E-14
425.0 2.2370873376752358E-14
426.0 2.2597211529689632E-14
427.0 2.2824990928445496E-14
428.0 2.3054214840241327E-14
429.0 2.3284886526625804E-14
430.0 2.3517009235845754E-14
431.0 2.3750586202762138E-14
432.0 2.3985620661499123E-14
433.0 2.422211583300082E-14
434.0 2.4460074924942456E-14
435.0 2.4699501139778557E-14
436.0 2.4940397666749734E-14
437.0 2.5182767693354443E-14
438.0 2.5426614390695722E-14
439.0 2.56719409216454E-14
440.0 2.5918750442615468E-14
441.0 2.616704609859769E-14
442.0 2.6416831026548314E-14
443.0 2.6668108355468008E-14
444.0 2.6920881206480602E-14
445.0 2.7175152684155343E-14
446.0 2.7430925895670612E-14
447.0 2.768820393172714E-14
448.0 2.794698987704082E-14
449.0 2.820728681047912E-14
450.0 2.8469097796125704E-14
451.0 2.873242589771264E-14
452.0 2.899727416054889E-14
453.0 2.926364563158243E-14
454.0 2.9531543344866046E-14
455.0 2.980097032331007E-14
456.0 3.0071929589965164E-14
457.0 3.034442415120865E-14
458.0 3.061845701373856E-14
459.0 3.089403116752425E-14
460.0 3.117114960497438E-14
461.0 3.1449815295891984E-14
462.0 3.173003122049008E-14
463.0 3.201180033633616E-14
464.0 3.229512560382953E-14
465.0 3.2580009970513714E-14
466.0 3.2866456372957E-14
467.0 3.315446774888643E-14
468.0 3.344404702111505E-14
469.0 3.3735197109702314E-14
470.0 3.402792093213902E-14
471.0 3.432222138263683E-14
472.0 3.461810136318443E-14
473.0 3.491556376290136E-14
474.0 3.521461146640351E-14
475.0 3.551524734962978E-14
476.0 3.5817474275502956E-14
477.0 3.612129511765477E-14
478.0 3.6426712717313595E-14
479.0 3.67337299330987E-14
480.0 3.704234960420159E-14
481.0 3.735257456559881E-14
482.0 3.766440764143846E-14
483.0 3.7977851658467216E-14
484.0 3.8292909432734907E-14
485.0 3.8609583767208975E-14
486.0 3.8927877463083125E-14
487.0 3.924779332457369E-14
488.0 3.9569334133660934E-14
489.0 3.9892502677697825E-14
490.0 4.0217301730967676E-14
491.0 4.0543734063974076E-14
492.0 4.0871802441158853E-14
493.0 4.120150962093225E-14
494.0 4.153285836052228E-14
495.0 4.1865851396744155E-14
496.0 4.220049146999144E-14
497.0 4.253678132209519E-14
498.0 4.2874723679286825E-14
499.0 4.321432125937978E-14
500.0 4.355557677671637E-14