200.0 2.3727586421353653E-16
201.0 2.4534366481890735E-16
202.0 2.536089885120135E-16
203.0 2.6207457277570063E-16
204.0 2.7074315506754396E-16
205.0 2.79617472135179E-16
206.0 2.887002598040113E-16
207.0 2.979942527138878E-16
208.0 3.07502183948195E-16
209.0 3.1722678466283884E-16
210.0 3.2717078393792783E-16
211.0 3.373369082507171E-16
212.0 3.4772788143701054E-16
213.0 3.58346424074091E-16
214.0 3.6919525385768235E-16
215.0 3.802770842623931E-16
216.0 3.915946255386354E-16
217.0 4.0315058351486497E-16
218.0 4.1494765962466954E-16
219.0 4.2698855087331234E-16
220.0 4.3927594955547156E-16
221.0 4.518125427950585E-16
222.0 4.646010122974619E-16
223.0 4.776440347202817E-16
224.0 4.909442808769285E-16
225.0 5.045044156961514E-16
226.0 5.18327098080259E-16
227.0 5.32414980844041E-16
228.0 5.467707102638611E-16
229.0 5.613969262278001E-16
230.0 5.762962616456837E-16
231.0 5.914713429823324E-16
232.0 6.069247892390976E-16
233.0 6.226592124344149E-16
234.0 6.386772173137848E-16
235.0 6.549814012044786E-16
236.0 6.715743537109768E-16
237.0 6.884586570601787E-16
238.0 7.056368849812032E-16
239.0 7.231116043276139E-16
240.0 7.408853729389795E-16
241.0 7.589607410457237E-16
242.0 7.773402505656262E-16
243.0 7.960264349862684E-16
244.0 8.150218196333044E-16
245.0 8.343289210096337E-16
246.0 8.53950247165153E-16
247.0 8.738882977196966E-16
248.0 8.94145563176908E-16
249.0 9.147245255404969E-16
250.0 9.356276579415126E-16
251.0 9.56857424451561E-16
252.0 9.7841628010889E-16
253.0 1.0003066711851283E-15
254.0 1.0225310351448965E-15
255.0 1.0450917991978857E-15
256.0 1.0679913827693954E-15
257.0 1.0912321952583722E-15
258.0 1.1148166372732684E-15
259.0 1.1387470996151668E-15
260.0 1.163025964467291E-15
261.0 1.1876556041079488E-15
262.0 1.2126383817487057E-15
263.0 1.2379766512526124E-15
264.0 1.2636727571016098E-15
265.0 1.2897290343653172E-15
266.0 1.3161478089547332E-15
267.0 1.3429313964630503E-15
268.0 1.3700821044126457E-15
269.0 1.397602229516067E-15
270.0 1.4254940604192384E-15
271.0 1.4537598751819523E-15
272.0 1.4824019430441673E-15
273.0 1.5114225236698868E-15
274.0 1.5408238671245465E-15
275.0 1.5706082146715714E-15
276.0 1.6007777978160713E-15
277.0 1.6313348381024077E-15
278.0 1.6622815484393172E-15
279.0 1.693620132112413E-15
280.0 1.725352783117775E-15
281.0 1.7574816859889632E-15
282.0 1.7900090163367085E-15
283.0 1.8229369401441097E-15
284.0 1.856267613747288E-15
285.0 1.8900031851468833E-15
286.0 1.924145792155164E-15
287.0 1.9586975644878905E-15
288.0 1.993660621870871E-15
289.0 2.0290370747976754E-15
290.0 2.064829025558366E-15
291.0 2.101038566248568E-15
292.0 2.1376677805952183E-15
293.0 2.1747187431706937E-15
294.0 2.2121935202637686E-15
295.0 2.2500941677588725E-15
296.0 2.288422733271761E-15
297.0 2.3271812566648616E-15
298.0 2.3663717671841345E-15
299.0 2.4059962863594585E-15
300.0 2.4460568266987464E-15
301.0 2.486555392167217E-15
302.0 2.5274939777434303E-15
303.0 2.5688745701531343E-15
304.0 2.6106991474276427E-15
305.0 2.6529696781750005E-15
306.0 2.695688124582128E-15
307.0 2.738856437716267E-15
308.0 2.7824765625631334E-15
309.0 2.826550434533252E-15
310.0 2.8710799802104327E-15
311.0 2.916067119770914E-15
312.0 2.961513763864265E-15
313.0 3.0074218141132816E-15
314.0 3.0537931656039863E-15
315.0 3.100629705040549E-15
316.0 3.1479333101868678E-15
317.0 3.195705851578726E-15
318.0 3.2439491917257077E-15
319.0 3.2926651851386683E-15
320.0 3.3418556783566637E-15
321.0 3.391522509670064E-15
322.0 3.441667510967103E-15
323.0 3.492292504746361E-15
324.0 3.5433993075016153E-15
325.0 3.594989726679997E-15
326.0 3.6470655628782114E-15
327.0 3.699628609269064E-15
328.0 3.752680651312303E-15
329.0 3.80622346677451E-15
330.0 3.8602588260833485E-15
331.0 3.914788493381454E-15
332.0 3.969814224560665E-15
333.0 4.025337768627875E-15
334.0 4.081360866706686E-15
335.0 4.1378852541581875E-15
336.0 4.194912657825338E-15
337.0 4.252444798883393E-15
338.0 4.3104833903875066E-15
339.0 4.3690301390930725E-15
340.0 4.4280867440297945E-15
341.0 4.487654899132622E-15
342.0 4.5477362903168475E-15
343.0 4.608332596601741E-15
344.0 4.669445490525569E-15
345.0 4.731076638583398E-15
346.0 4.793227700099552E-15
347.0 4.855900327230599E-15
348.0 4.91909616780479E-15
349.0 4.982816860961438E-15
350.0 5.047064040377942E-15
351.0 5.11183933309742E-15
352.0 5.177144360812748E-15
353.0 5.242980738242679E-15
354.0 5.309350073128007E-15
355.0 5.376253967529272E-15
356.0 5.443694018321699E-15
357.0 5.511671815944376E-15
358.0 5.5801889439665865E-15
359.0 5.649246981334652E-15
360.0 5.7188474992799174E-15
361.0 5.788992064483444E-15
362.0 5.859682237314548E-15
363.0 5.930919573244782E-15
364.0 6.002705620083373E-15
365.0 6.0750419222133645E-15
366.0 6.147930015912046E-15
367.0 6.221371435100356E-15
368.0 6.295367704656077E-15
369.0 6.3699203457281706E-15
370.0 6.445030874351359E-15
371.0 6.520700799475752E-15
372.0 6.596931627498257E-15
373.0 6.673724855236869E-15
374.0 6.751081978051337E-15
375.0 6.829004484823189E-15
376.0 6.907493858455705E-15
377.0 6.986551576400467E-15
378.0 7.066179113890193E-15
379.0 7.146377936524921E-15
380.0 7.227149507735958E-15
381.0 7.308495287290453E-15
382.0 7.390416725827888E-15
383.0 7.472915272541236E-15
384.0 7.555992369711563E-15
385.0 7.639649456631403E-15
386.0 7.723887965693521E-15
387.0 7.808709325221864E-15
388.0 7.894114958944555E-15
389.0 7.980106288966798E-15
390.0 8.066684725247704E-15
391.0 8.153851680862051E-15
392.0 8.241608559083526E-15
393.0 8.329956762310377E-15
394.0 8.418897684888237E-15
395.0 8.508432719783972E-15
396.0 8.598563252509733E-15
397.0 8.689290669183667E-15
398.0 8.780616344734941E-15
399.0 8.872541654768338E-15
400.0 8.965067969361703E-15
401.0 9.058196651743437E-15
402.0 9.151929066699915E-15
403.0 9.246266568983442E-15
404.0 9.341210511723179E-15
405.0 9.436762243874944E-15
406.0 9.532923110240423E-15
407.0 9.629694451486298E-15
408.0 9.727077603478466E-15
409.0 9.825073897962369E-15
410.0 9.923684666049742E-15
411.0 1.0022911230672923E-14
412.0 1.0122754911375256E-14
413.0 1.0223217028610124E-14
414.0 1.0324298891783163E-14
415.0 1.0426001810527374E-14
416.0 1.0528327091971708E-14
417.0 1.0631276037150947E-14
418.0 1.0734849943882658E-14
419.0 1.08390501053208E-14
420.0 1.0943877812927312E-14
421.0 1.104933435430442E-14
422.0 1.1155421011687128E-14
423.0 1.1262139064187325E-14
424.0 1.1369489789365712E-14
425.0 1.147747446099737E-14
426.0 1.158609434517809E-14
427.0 1.1695350708831846E-14
428.0 1.1805244815134786E-14
429.0 1.1915777922722997E-14
430.0 1.2026951288074176E-14
431.0 1.2138766160720537E-14
432.0 1.2251223791271064E-14
433.0 1.2364325425030285E-14
434.0 1.2478072304416429E-14
435.0 1.2592465667329603E-14
436.0 1.2707506750466049E-14
437.0 1.2823196786877745E-14
438.0 1.293953700512384E-14
439.0 1.3056528632651152E-14
440.0 1.3174172890725792E-14
441.0 1.3292471001258026E-14
442.0 1.3411424180851614E-14
443.0 1.3531033642493047E-14
444.0 1.3651300598191473E-14
445.0 1.3772226255509906E-14
446.0 1.389381181931621E-14
447.0 1.4016058491805656E-14
448.0 1.413896747252208E-14
449.0 1.4262539954736203E-14
450.0 1.4386777136349264E-14
451.0 1.4511680204463956E-14
452.0 1.4637250348138663E-14
453.0 1.4763488752012898E-14
454.0 1.489039659720713E-14
455.0 1.5017975063204492E-14
456.0 1.514622532885058E-14
457.0 1.5275148563804845E-14
458.0 1.5404745941850112E-14
459.0 1.553501863044366E-14
460.0 1.566596779451916E-14
461.0 1.579759459748449E-14
462.0 1.5929900202256076E-14
463.0 1.606288576238089E-14
464.0 1.6196552436851494E-14
465.0 1.6330901376264936E-14
466.0 1.6465933728731903E-14
467.0 1.6601650646005433E-14
468.0 1.6738053271371484E-14
469.0 1.6875142746698363E-14
470.0 1.7012920212478946E-14
471.0 1.7151386805784406E-14
472.0 1.729054366234471E-14
473.0 1.7430391916590124E-14
474.0 1.757093269531474E-14
475.0 1.7712167129290865E-14
476.0 1.785409634163529E-14
477.0 1.7996721459561345E-14
478.0 1.8140043599341494E-14
479.0 1.828406388248047E-14
480.0 1.8428783424935368E-14
481.0 1.8574203340349327E-14
482.0 1.8720324740058227E-14
483.0 1.8867148735336997E-14
484.0 1.9014676431836968E-14
485.0 1.9162908934026907E-14
486.0 1.931184734523022E-14
487.0 1.9461492767661823E-14
488.0 1.961184629900771E-14
489.0 1.9762909035841087E-14
490.0 1.9914682070161554E-14
491.0 2.0067166497537447E-14
492.0 2.0220363405486302E-14
493.0 2.0374273883979797E-14
494.0 2.0528899017235258E-14
495.0 2.06842398896102E-14
496.0 2.0840297580849798E-14
497.0 2.0997073174502323E-14
498.0 2.1154567747122652E-14
499.0 2.131278237303866E-14
500.0 2.1471718124351217E-14