200.0 1.5659386931322047E-17
201.0 1.6423491989672455E-17
202.0 1.7217302393860295E-17
203.0 1.8041655712302537E-17
204.0 1.8897402860098276E-17
205.0 1.9785408070395086E-17
206.0 2.070654887750759E-17
207.0 2.1661716089574226E-17
208.0 2.265181377032519E-17
209.0 2.3677759175056572E-17
210.0 2.4740482746715094E-17
211.0 2.5840928068052338E-17
212.0 2.6980051808410275E-17
213.0 2.815882369906254E-17
214.0 2.937822645947639E-17
215.0 3.0639255788106836E-17
216.0 3.194292025423181E-17
217.0 3.3290241310480826E-17
218.0 3.468225316820989E-17
219.0 3.6120002791907274E-17
220.0 3.76045498059091E-17
221.0 3.9136966437259066E-17
222.0 4.071833745816995E-17
223.0 4.23497601011013E-17
224.0 4.403234400202466E-17
225.0 4.5767211144847946E-17
226.0 4.7555495728918724E-17
227.0 4.939834415337607E-17
228.0 5.1296914941940507E-17
229.0 5.3252378586036567E-17
230.0 5.5265917542588706E-17
231.0 5.733872615451001E-17
232.0 5.947201046685515E-17
233.0 6.166698830236439E-17
234.0 6.392488899219327E-17
235.0 6.624695345663508E-17
236.0 6.863443400162745E-17
237.0 7.108859426313509E-17
238.0 7.361070913109576E-17
239.0 7.620206463868686E-17
240.0 7.886395786591207E-17
241.0 8.159769689041266E-17
242.0 8.44046006057502E-17
243.0 8.728599870817918E-17
244.0 9.024323151800642E-17
245.0 9.327764998179116E-17
246.0 9.639061551242025E-17
247.0 9.958349986328355E-17
248.0 1.0285768509260753E-16
249.0 1.0621456341647763E-16
250.0 1.096555371536497E-16
251.0 1.1318201853565434E-16
252.0 1.167954297538245E-16
253.0 1.2049720267645157E-16
254.0 1.2428877888540178E-16
255.0 1.2817160952033042E-16
256.0 1.3214715517261128E-16
257.0 1.3621688576347469E-16
258.0 1.403822805283877E-16
259.0 1.4464482785544755E-16
260.0 1.4900602506444903E-16
261.0 1.5346737852171086E-16
262.0 1.5803040339242617E-16
263.0 1.6269662360017227E-16
264.0 1.6746757165112826E-16
265.0 1.723447886523332E-16
266.0 1.7732982402401648E-16
267.0 1.8242423561473516E-16
268.0 1.876295893886762E-16
269.0 1.9294745951299576E-16
270.0 1.9837942807411163E-16
271.0 2.0392708515538736E-16
272.0 2.0959202854441908E-16
273.0 2.1537586379698368E-16
274.0 2.2128020407131604E-16
275.0 2.2730666992929336E-16
276.0 2.3345688941544965E-16
277.0 2.397324978398265E-16
278.0 2.4613513772200827E-16
279.0 2.526664586381325E-16
280.0 2.593281171938204E-16
281.0 2.6612177679053627E-16
282.0 2.730491077905112E-16
283.0 2.8011178712232653E-16
284.0 2.8731149831030476E-16
285.0 2.9464993137427264E-16
286.0 3.021287827900978E-16
287.0 3.097497553964118E-16
288.0 3.175145580489081E-16
289.0 3.254249058562249E-16
290.0 3.3348251989980484E-16
291.0 3.4168912723269433E-16
292.0 3.5004646058171603E-16
293.0 3.5855625865601584E-16
294.0 3.672202655762217E-16
295.0 3.7604023108389597E-16
296.0 3.8501791045487157E-16
297.0 3.941550642610078E-16
298.0 4.0345345838594483E-16
299.0 4.1291486389645957E-16
300.0 4.2254105686921914E-16
301.0 4.3233381853772637E-16
302.0 4.422949349644829E-16
303.0 4.524261969842667E-16
304.0 4.627294004142799E-16
305.0 4.732063454544984E-16
306.0 4.838588370707305E-16
307.0 4.946886846947435E-16
308.0 5.056977021345902E-16
309.0 5.16887707437306E-16
310.0 5.282605231373437E-16
311.0 5.39817975697157E-16
312.0 5.515618958062876E-16
313.0 5.634941180536438E-16
314.0 5.75616481045459E-16
315.0 5.879308272251222E-16
316.0 6.004390027366072E-16
317.0 6.131428573933523E-16
318.0 6.260442448790859E-16
319.0 6.391450220597552E-16
320.0 6.52447049516134E-16
321.0 6.659521909534969E-16
322.0 6.796623138881474E-16
323.0 6.935792884449093E-16
324.0 7.077049884784585E-16
325.0 7.220412905920647E-16
326.0 7.36590074615845E-16
327.0 7.513532231552715E-16
328.0 7.66332621904739E-16
329.0 7.815301593202062E-16
330.0 7.969477264041104E-16
331.0 8.125872171807678E-16
332.0 8.284505280107535E-16
333.0 8.445395580797818E-16
334.0 8.608562089092586E-16
335.0 8.774023843506976E-16
336.0 8.941799907399715E-16
337.0 9.111909367636078E-16
338.0 9.284371333971665E-16
339.0 9.459204934440937E-16
340.0 9.63642932175155E-16
341.0 9.816063669629865E-16
342.0 9.99812716719478E-16
343.0 1.0182639025638001E-15
344.0 1.03696184786907E-15
345.0 1.0559084772648085E-15
346.0 1.0751057173344769E-15
347.0 1.0945554966613073E-15
348.0 1.11425974487331E-15
349.0 1.134220393656784E-15
350.0 1.1544393762611902E-15
351.0 1.1749186271551773E-15
352.0 1.1956600825342294E-15
353.0 1.2166656796935547E-15
354.0 1.237937357553304E-15
355.0 1.25947705591349E-15
356.0 1.2812867165057885E-15
357.0 1.3033682814209304E-15
358.0 1.3257236944824464E-15
359.0 1.3483549003767767E-15
360.0 1.3712638448038689E-15
361.0 1.3944524744247013E-15
362.0 1.4179227371460096E-15
363.0 1.4416765811807978E-15
364.0 1.465715956343191E-15
365.0 1.4900428128820009E-15
366.0 1.5146591015248413E-15
367.0 1.5395667742533892E-15
368.0 1.5647677833182527E-15
369.0 1.5902640819060078E-15
370.0 1.616057623613301E-15
371.0 1.6421503626430755E-15
372.0 1.6685442536352161E-15
373.0 1.6952412518783635E-15
374.0 1.7222433128822963E-15
375.0 1.749552392856208E-15
376.0 1.7771704480090582E-15
377.0 1.8050994348962705E-15
378.0 1.8333413109371132E-15
379.0 1.8618980328625448E-15
380.0 1.890771558183771E-15
381.0 1.919963844756964E-15
382.0 1.9494768498769985E-15
383.0 1.979312531528044E-15
384.0 2.009472847783238E-15
385.0 2.039959756464459E-15
386.0 2.0707752149333284E-15
387.0 2.101921181895313E-15
388.0 2.133399614611998E-15
389.0 2.1652124708539233E-15
390.0 2.1973617082576405E-15
391.0 2.229849283963607E-15
392.0 2.2626771557202565E-15
393.0 2.2958472800564664E-15
394.0 2.3293616135435235E-15
395.0 2.363222113123992E-15
396.0 2.397430734382562E-15
397.0 2.4319894333832832E-15
398.0 2.466900165443353E-15
399.0 2.502164885618683E-15
400.0 2.5377855484993236E-15
401.0 2.573764107992638E-15
402.0 2.610102517838454E-15
403.0 2.6468027314096142E-15
404.0 2.6838667009285462E-15
405.0 2.7212963785587276E-15
406.0 2.7590937156257933E-15
407.0 2.797260663560303E-15
408.0 2.835799171917351E-15
409.0 2.874711190495412E-15
410.0 2.913998668138113E-15
411.0 2.9536635533100384E-15
412.0 2.9937077930468343E-15
413.0 3.0341333343646026E-15
414.0 3.0749421229973502E-15
415.0 3.1161361044198154E-15
416.0 3.1577172225461508E-15
417.0 3.199687421204463E-15
418.0 3.2420486432642983E-15
419.0 3.284802829482736E-15
420.0 3.3279519220496614E-15
421.0 3.371497860327474E-15
422.0 3.4154425830453242E-15
423.0 3.4597880287627045E-15
424.0 3.5045361349409895E-15
425.0 3.5496888367168147E-15
426.0 3.595248070198287E-15
427.0 3.641215768880601E-15
428.0 3.687593866258964E-15
429.0 3.734384294365228E-15
430.0 3.781588983473958E-15
431.0 3.829209864085754E-15
432.0 3.877248864916959E-15
433.0 3.9257079133649564E-15
434.0 3.974588935479325E-15
435.0 4.023893857524451E-15
436.0 4.073624603083369E-15
437.0 4.1237830951274085E-15
438.0 4.174371256027648E-15
439.0 4.225391005358984E-15
440.0 4.276844263427229E-15
441.0 4.328732947409106E-15
442.0 4.381058974652375E-15
443.0 4.433824261007976E-15
444.0 4.4870307205121645E-15
445.0 4.540680265636841E-15
446.0 4.5947748090334484E-15
447.0 4.649316260010499E-15
448.0 4.7043065283343675E-15
449.0 4.759747521565216E-15
450.0 4.8156411462274424E-15
451.0 4.871989306571405E-15
452.0 4.928793907017271E-15
453.0 4.9860568496895984E-15
454.0 5.043780034678307E-15
455.0 5.10196536224622E-15
456.0 5.1606147296447665E-15
457.0 5.219730033973497E-15
458.0 5.2793131702437505E-15
459.0 5.339366032002211E-15
460.0 5.399890511317931E-15
461.0 5.460888499448296E-15
462.0 5.522361885142992E-15
463.0 5.584312556313939E-15
464.0 5.646742399355411E-15
465.0 5.709653299131026E-15
466.0 5.7730471382505115E-15
467.0 5.836925799534023E-15
468.0 5.90129116210119E-15
469.0 5.966145105275462E-15
470.0 6.031489506075241E-15
471.0 6.097326240282928E-15
472.0 6.1636571813248676E-15
473.0 6.23048420211502E-15
474.0 6.297809173566996E-15
475.0 6.365633965333999E-15
476.0 6.433960443487079E-15
477.0 6.50279047628347E-15
478.0 6.572125926829502E-15
479.0 6.641968658484413E-15
480.0 6.7123205329268626E-15
481.0 6.7831834093336114E-15
482.0 6.854559145964486E-15
483.0 6.926449599361394E-15
484.0 6.998856623506687E-15
485.0 7.0717820731209715E-15
486.0 7.145227798274071E-15
487.0 7.219195649351769E-15
488.0 7.293687475416253E-15
489.0 7.368705121186654E-15
490.0 7.444250432584155E-15
491.0 7.520325253329625E-15
492.0 7.596931424470908E-15
493.0 7.67407078522737E-15
494.0 7.75174517477712E-15
495.0 7.829956429141476E-15
496.0 7.908706383404413E-15
497.0 7.987996869431997E-15
498.0 8.067829720914911E-15
499.0 8.148206765542895E-15
500.0 8.229129831905332E-15