200.0 1.8809493724667858E-14
201.0 1.8951090108914592E-14
202.0 1.9092830699243645E-14
203.0 1.923471816973857E-14
204.0 1.9376755189886745E-14
205.0 1.9518944438777473E-14
206.0 1.966128860590131E-14
207.0 1.9803790367341386E-14
208.0 1.9946452424942173E-14
209.0 2.0089277466171095E-14
210.0 2.0232268184256206E-14
211.0 2.0375427270981313E-14
212.0 2.0518757420542945E-14
213.0 2.0662261333519085E-14
214.0 2.0805941695856152E-14
215.0 2.094980120233275E-14
216.0 2.1093842538387774E-14
217.0 2.1238068403852838E-14
218.0 2.1382481472357422E-14
219.0 2.1527084426352317E-14
220.0 2.1671879950266936E-14
221.0 2.1816870712295597E-14
222.0 2.1962059385707693E-14
223.0 2.2107448627830447E-14
224.0 2.2253041110081003E-14
225.0 2.239883948275753E-14
226.0 2.2544846390915477E-14
227.0 2.2691064476146522E-14
228.0 2.28374963841578E-14
229.0 2.2984144740817448E-14
230.0 2.3131012171197286E-14
231.0 2.327810129287201E-14
232.0 2.3425414709166377E-14
233.0 2.3572955034263535E-14
234.0 2.37207248546892E-14
235.0 2.386872676609092E-14
236.0 2.401696334627835E-14
237.0 2.4165437163056597E-14
238.0 2.4314150785106565E-14
239.0 2.4463106766598326E-14
240.0 2.4612307652233617E-14
241.0 2.476175599415463E-14
242.0 2.49114543129802E-14
243.0 2.506140513531235E-14
244.0 2.5211610972429243E-14
245.0 2.5362074331409687E-14
246.0 2.5512797708556927E-14
247.0 2.5663783591705192E-14
248.0 2.5815034459584562E-14
249.0 2.5966552781194775E-14
250.0 2.6118341021181324E-14
251.0 2.6270401627276735E-14
252.0 2.642273704468167E-14
253.0 2.657534970049498E-14
254.0 2.6728242033253E-14
255.0 2.6881416438159028E-14
256.0 2.7034875341953764E-14
257.0 2.7188621117817794E-14
258.0 2.734265617867829E-14
259.0 2.749698289190548E-14
260.0 2.765160362424961E-14
261.0 2.7806520735333025E-14
262.0 2.7961736577202748E-14
263.0 2.811725349695591E-14
264.0 2.827307382404638E-14
265.0 2.842919987285194E-14
266.0 2.858563397301159E-14
267.0 2.874237841674163E-14
268.0 2.8899435507656254E-14
269.0 2.9056807532665224E-14
270.0 2.921449675841315E-14
271.0 2.937250546809327E-14
272.0 2.953083591147624E-14
273.0 2.9689490347990566E-14
274.0 2.984847101215619E-14
275.0 3.000778014125392E-14
276.0 3.0167419953135096E-14
277.0 3.0327392674044925E-14
278.0 3.0487700497549304E-14
279.0 3.064834563125424E-14
280.0 3.0809330268275524E-14
281.0 3.0970656571069594E-14
282.0 3.11323267279213E-14
283.0 3.12943429021888E-14
284.0 3.1456707238218284E-14
285.0 3.1619421886413356E-14
286.0 3.178248898713135E-14
287.0 3.194591067357631E-14
288.0 3.2109689061937E-14
289.0 3.2273826270254024E-14
290.0 3.243832439257147E-14
291.0 3.260318554030746E-14
292.0 3.276841179393105E-14
293.0 3.2934005234750134E-14
294.0 3.3099967941502946E-14
295.0 3.3266301970750265E-14
296.0 3.3433009385665385E-14
297.0 3.360009223320109E-14
298.0 3.376755255353332E-14
299.0 3.393539238634373E-14
300.0 3.4103613754350097E-14
301.0 3.427221868259428E-14
302.0 3.4441209165597454E-14
303.0 3.461058722591414E-14
304.0 3.478035484530665E-14
305.0 3.4950514026697755E-14
306.0 3.5121066741529854E-14
307.0 3.5292014972219516E-14
308.0 3.546336067908189E-14
309.0 3.5635105826467285E-14
310.0 3.580725236609098E-14
311.0 3.5979802246746975E-14
312.0 3.615275740750247E-14
313.0 3.632611978414272E-14
314.0 3.6499891295679617E-14
315.0 3.667407386078167E-14
316.0 3.6848669397643195E-14
317.0 3.702367981045807E-14
318.0 3.719910699924854E-14
319.0 3.7374952852989776E-14
320.0 3.7551219262862915E-14
321.0 3.7727908101931575E-14
322.0 3.7905021251887414E-14
323.0 3.808256057257383E-14
324.0 3.8260527935563455E-14
325.0 3.8438925183439016E-14
326.0 3.8617754170218214E-14
327.0 3.8797016737518395E-14
328.0 3.897671472457469E-14
329.0 3.915684996470284E-14
330.0 3.9337424271474196E-14
331.0 3.9518439469270925E-14
332.0 3.9699897376123355E-14
333.0 3.988179979669185E-14
334.0 4.006414853238084E-14
335.0 4.024694537777121E-14
336.0 4.0430192123919693E-14
337.0 4.0613890551324717E-14
338.0 4.0798042450516355E-14
339.0 4.098264959084193E-14
340.0 4.116771373756845E-14
341.0 4.13532366552368E-14
342.0 4.1539220100601034E-14
343.0 4.1725665825966026E-14
344.0 4.1912575586053133E-14
345.0 4.209995111693601E-14
346.0 4.228779415683795E-14
347.0 4.2476106442552545E-14
348.0 4.266488969528711E-14
349.0 4.2854145641583244E-14
350.0 4.304387599564444E-14
351.0 4.3234082476817886E-14
352.0 4.3424766788329105E-14
353.0 4.361593062770606E-14
354.0 4.3807575704397725E-14
355.0 4.399970370424941E-14
356.0 4.419231632483636E-14
357.0 4.438541523982814E-14
358.0 4.457900214157403E-14
359.0 4.4773078694683405E-14
360.0 4.496764657513428E-14
361.0 4.516270744876492E-14
362.0 4.535826298189997E-14
363.0 4.5554314830487005E-14
364.0 4.5750864643548375E-14
365.0 4.59479140774951E-14
366.0 4.614546477442234E-14
367.0 4.634351838365415E-14
368.0 4.654207652909135E-14
369.0 4.674114084889957E-14
370.0 4.6940712973726304E-14
371.0 4.714079453386143E-14
372.0 4.734138714092211E-14
373.0 4.754249242053535E-14
374.0 4.7744111975776E-14
375.0 4.794624743092204E-14
376.0 4.8148900383818466E-14
377.0 4.835207243135296E-14
378.0 4.8555765180434245E-14
379.0 4.875998022218435E-14
380.0 4.896471914653202E-14
381.0 4.916998354584356E-14
382.0 4.937577499634718E-14
383.0 4.958209508393301E-14
384.0 4.9788945385577403E-14
385.0 4.999632747293828E-14
386.0 5.020424291598307E-14
387.0 5.041269328291693E-14
388.0 5.062168013262906E-14
389.0 5.083120502954845E-14
390.0 5.104126952486728E-14
391.0 5.125187517893105E-14
392.0 5.1463023538667E-14
393.0 5.167471614873382E-14
394.0 5.1886954559001434E-14
395.0 5.209974029805993E-14
396.0 5.231307491466821E-14
397.0 5.25269599399164E-14
398.0 5.274139689843331E-14
399.0 5.29563873311179E-14
400.0 5.317193274947021E-14
401.0 5.338803468494041E-14
402.0 5.3604694654617587E-14
403.0 5.3821914172555145E-14
404.0 5.403969475352947E-14
405.0 5.425803790915354E-14
406.0 5.4476945147800045E-14
407.0 5.469641797067193E-14
408.0 5.491645788713375E-14
409.0 5.513706638380007E-14
410.0 5.535824497076853E-14
411.0 5.557999513909783E-14
412.0 5.5802318372261586E-14
413.0 5.602521616937845E-14
414.0 5.6248690002431436E-14
415.0 5.6472741378438863E-14
416.0 5.6697371753702284E-14
417.0 5.692258261947437E-14
418.0 5.71483754512213E-14
419.0 5.737475171630415E-14
420.0 5.760171288959934E-14
421.0 5.782926044169555E-14
422.0 5.80573958348672E-14
423.0 5.828612053876979E-14
424.0 5.851543600274873E-14
425.0 5.874534369130875E-14
426.0 5.897584506830701E-14
427.0 5.92069415810004E-14
428.0 5.943863467978055E-14
429.0 5.967092582214434E-14
430.0 5.990381644474087E-14
431.0 6.013730799917471E-14
432.0 6.037140192803455E-14
433.0 6.060609966879443E-14
434.0 6.084140266176888E-14
435.0 6.107731235411987E-14
436.0 6.131383015954262E-14
437.0 6.155095751854296E-14
438.0 6.178869587433536E-14
439.0 6.202704663230694E-14
440.0 6.226601124083695E-14
441.0 6.250559110217902E-14
442.0 6.274578765347202E-14
443.0 6.29866023098933E-14
444.0 6.322803649303033E-14
445.0 6.347009160635258E-14
446.0 6.371276908418318E-14
447.0 6.39560703180544E-14
448.0 6.419999673029412E-14
449.0 6.444454972484442E-14
450.0 6.468973071180782E-14
451.0 6.493554108681549E-14
452.0 6.518198225981958E-14
453.0 6.542905563446072E-14
454.0 6.567676260383017E-14
455.0 6.592510456696916E-14
456.0 6.617408291223254E-14
457.0 6.642369905050917E-14
458.0 6.667395436109569E-14
459.0 6.69248502290392E-14
460.0 6.717638805352061E-14
461.0 6.742856921437622E-14
462.0 6.768139510551495E-14
463.0 6.793486710133377E-14
464.0 6.81889865902404E-14
465.0 6.844375494940383E-14
466.0 6.869917354885648E-14
467.0 6.895524377680839E-14
468.0 6.921196700582796E-14
469.0 6.946934460542718E-14
470.0 6.972737795051006E-14
471.0 6.998606841285927E-14
472.0 7.024541735254133E-14
473.0 7.050542615197549E-14
474.0 7.076609616470244E-14
475.0 7.102742876228925E-14
476.0 7.128942529578581E-14
477.0 7.155208713854407E-14
478.0 7.181541564327871E-14
479.0 7.207941217639064E-14
480.0 7.234407808779036E-14
481.0 7.260941472804881E-14
482.0 7.287542346571257E-14
483.0 7.314210563530467E-14
484.0 7.340946260226245E-14
485.0 7.36774957152327E-14
486.0 7.394620630590733E-14
487.0 7.421559574129528E-14
488.0 7.44856653626974E-14
489.0 7.47564165030038E-14
490.0 7.502785050855178E-14
491.0 7.529996873040557E-14
492.0 7.557277249793531E-14
493.0 7.584626316273074E-14
494.0 7.612044205014157E-14
495.0 7.639531049444497E-14
496.0 7.667086984331896E-14
497.0 7.69471214135216E-14
498.0 7.722406655731754E-14
499.0 7.750170658701539E-14
500.0 7.778004283707308E-14