200.0 1.612933902976819E-16
201.0 1.6578080898161127E-16
202.0 1.7034743858342267E-16
203.0 1.749937087233276E-16
204.0 1.7972003990700006E-16
205.0 1.845268433894596E-16
206.0 1.8941452130405396E-16
207.0 1.943834668831658E-16
208.0 1.994340642603449E-16
209.0 2.0456668877266234E-16
210.0 2.0978170700811167E-16
211.0 2.1507947670427157E-16
212.0 2.2046034713332609E-16
213.0 2.259246588572859E-16
214.0 2.31472744157731E-16
215.0 2.371049266867911E-16
216.0 2.4282152206664916E-16
217.0 2.486228376315148E-16
218.0 2.545091723969355E-16
219.0 2.604808176995296E-16
220.0 2.6653805671952966E-16
221.0 2.7268116482314967E-16
222.0 2.789104096467972E-16
223.0 2.852260513276287E-16
224.0 2.916283421894133E-16
225.0 2.9811752714440557E-16
226.0 3.0469384393673484E-16
227.0 3.1135752273272555E-16
228.0 3.181087866583277E-16
229.0 3.249478518959818E-16
230.0 3.318749272844102E-16
231.0 3.3889021517212317E-16
232.0 3.4599391068094337E-16
233.0 3.5318620258032524E-16
234.0 3.604672727385735E-16
235.0 3.6783729667662704E-16
236.0 3.7529644343795695E-16
237.0 3.828448756676227E-16
238.0 3.9048274973717096E-16
239.0 3.9821021611154015E-16
240.0 4.0602741891649307E-16
241.0 4.1393449629366723E-16
242.0 4.2193158078076024E-16
243.0 4.3001879880400044E-16
244.0 4.3819627135142767E-16
245.0 4.464641137061478E-16
246.0 4.548224353586755E-16
247.0 4.632713409259121E-16
248.0 4.718109291784829E-16
249.0 4.804412938556065E-16
250.0 4.891625234212703E-16
251.0 4.979747013031261E-16
252.0 5.068779060287071E-16
253.0 5.158722110142281E-16
254.0 5.249576849209104E-16
255.0 5.341343916131912E-16
256.0 5.434023902277503E-16
257.0 5.527617356110993E-16
258.0 5.622124777851483E-16
259.0 5.717546623122636E-16
260.0 5.813883306831616E-16
261.0 5.911135197539284E-16
262.0 6.009302624476511E-16
263.0 6.108385874385699E-16
264.0 6.208385193444649E-16
265.0 6.309300788593548E-16
266.0 6.4111328282067E-16
267.0 6.513881439253207E-16
268.0 6.617546715518291E-16
269.0 6.722128709889202E-16
270.0 6.827627441967985E-16
271.0 6.934042893709013E-16
272.0 7.041375012849169E-16
273.0 7.149623713525832E-16
274.0 7.25878887536318E-16
275.0 7.368870347050352E-16
276.0 7.479867943121841E-16
277.0 7.59178144517743E-16
278.0 7.704610607114323E-16
279.0 7.818355150217245E-16
280.0 7.933014766801574E-16
281.0 8.04858912077033E-16
282.0 8.165077846498371E-16
283.0 8.28248055095349E-16
284.0 8.400796810822669E-16
285.0 8.52002618055403E-16
286.0 8.640168184413406E-16
287.0 8.761222325494396E-16
288.0 8.883188076685522E-16
289.0 9.006064888897872E-16
290.0 9.129852188938704E-16
291.0 9.25454937812186E-16
292.0 9.380155836281908E-16
293.0 9.506670922276642E-16
294.0 9.63409397071949E-16
295.0 9.762424294172054E-16
296.0 9.891661183519682E-16
297.0 1.002180391317324E-15
298.0 1.0152851732863581E-15
299.0 1.0284803874700537E-15
300.0 1.041765955165341E-15
301.0 1.0551417956912783E-15
302.0 1.0686078265214824E-15
303.0 1.0821639635235209E-15
304.0 1.0958101205885227E-15
305.0 1.109546209967149E-15
306.0 1.1233721423058286E-15
307.0 1.1372878267882806E-15
308.0 1.1512931704242599E-15
309.0 1.1653880792437182E-15
310.0 1.1795724575893457E-15
311.0 1.193846208248413E-15
312.0 1.2082092328114828E-15
313.0 1.2226614309275012E-15
314.0 1.2372027016639048E-15
315.0 1.251832942086833E-15
316.0 1.2665520484079813E-15
317.0 1.2813599151026959E-15
318.0 1.2962564360842478E-15
319.0 1.3112415034607337E-15
320.0 1.3263150084846364E-15
321.0 1.341476841230344E-15
322.0 1.3567268908574122E-15
323.0 1.372065044910196E-15
324.0 1.3874911904232197E-15
325.0 1.4030052135935288E-15
326.0 1.4186069986859083E-15
327.0 1.4342964299021944E-15
328.0 1.4500733904235413E-15
329.0 1.4659377621708647E-15
330.0 1.4818894265825427E-15
331.0 1.497928263740507E-15
332.0 1.5140541535457312E-15
333.0 1.5302669748388642E-15
334.0 1.5465666056729173E-15
335.0 1.5629529230622643E-15
336.0 1.5794258039318595E-15
337.0 1.5959851240711855E-15
338.0 1.6126307589544086E-15
339.0 1.6293625828045246E-15
340.0 1.6461804699746407E-15
341.0 1.6630842935922276E-15
342.0 1.6800739266776533E-15
343.0 1.6971492414661705E-15
344.0 1.714310109556332E-15
345.0 1.7315564022077049E-15
346.0 1.748887990360406E-15
347.0 1.766304743924173E-15
348.0 1.7838065329470364E-15
349.0 1.8013932267603542E-15
350.0 1.819064694278735E-15
351.0 1.836820804161537E-15
352.0 1.85466142467789E-15
353.0 1.8725864232607646E-15
354.0 1.8905956677264906E-15
355.0 1.9086890249222712E-15
356.0 1.9268663619559676E-15
357.0 1.945127545443846E-15
358.0 1.963472441355848E-15
359.0 1.9819009158040946E-15
360.0 2.000412834746373E-15
361.0 2.0190080630354015E-15
362.0 2.0376864668198122E-15
363.0 2.0564479108396447E-15
364.0 2.0752922600297927E-15
365.0 2.0942193788817554E-15
366.0 2.1132291321046485E-15
367.0 2.1323213844775663E-15
368.0 2.151495999857226E-15
369.0 2.1707528426777673E-15
370.0 2.190091776960666E-15
371.0 2.2095126663111328E-15
372.0 2.229015374945134E-15
373.0 2.2485997668520343E-15
374.0 2.26826570527332E-15
375.0 2.288013054086641E-15
376.0 2.3078416771275683E-15
377.0 2.327751437840084E-15
378.0 2.347742199626302E-15
379.0 2.3678138265669265E-15
380.0 2.38796618182373E-15
381.0 2.408199129066387E-15
382.0 2.428512531943899E-15
383.0 2.4489062542702895E-15
384.0 2.469380159662982E-15
385.0 2.4899341117245918E-15
386.0 2.5105679744172078E-15
387.0 2.531281611323577E-15
388.0 2.5520748863916528E-15
389.0 2.5729476643247005E-15
390.0 2.593899808122972E-15
391.0 2.6149311828713806E-15
392.0 2.636041652518738E-15
393.0 2.657231081396194E-15
394.0 2.6784993342264936E-15
395.0 2.6998462757409555E-15
396.0 2.721271770480583E-15
397.0 2.7427756837790847E-15
398.0 2.764357880188303E-15
399.0 2.7860182256567813E-15
400.0 2.8077565849470677E-15
401.0 2.8295728236241925E-15
402.0 2.851466808276551E-15
403.0 2.8734384036762834E-15
404.0 2.8954874770433423E-15
405.0 2.91761389397318E-15
406.0 2.9398175210891047E-15
407.0 2.9620982250204316E-15
408.0 2.9844558732364426E-15
409.0 3.0068903319541076E-15
410.0 3.029401469067046E-15
411.0 3.0519891524785835E-15
412.0 3.074653249239834E-15
413.0 3.097393627887809E-15
414.0 3.1202101560988456E-15
415.0 3.143102703049625E-15
416.0 3.16607113682859E-15
417.0 3.189115327033824E-15
418.0 3.2122351430401066E-15
419.0 3.2354304531002523E-15
420.0 3.2587011283156704E-15
421.0 3.282047037779379E-15
422.0 3.3054680523384164E-15
423.0 3.3289640423713427E-15
424.0 3.3525348784492186E-15
425.0 3.376180432243527E-15
426.0 3.3999005744839455E-15
427.0 3.4236951769974787E-15
428.0 3.447564112032677E-15
429.0 3.471507251564817E-15
430.0 3.4955244684463862E-15
431.0 3.5196156350137007E-15
432.0 3.543780624712797E-15
433.0 3.5680193106982295E-15
434.0 3.592331566766855E-15
435.0 3.616717267363339E-15
436.0 3.641176285909163E-15
437.0 3.6657084978976096E-15
438.0 3.690313777789904E-15
439.0 3.714992000924134E-15
440.0 3.739743043037917E-15
441.0 3.764566780022792E-15
442.0 3.789463087918164E-15
443.0 3.814431843398641E-15
444.0 3.83947292328234E-15
445.0 3.864586204275227E-15
446.0 3.889771564459618E-15
447.0 3.915028881555768E-15
448.0 3.940358033408613E-15
449.0 3.965758898740592E-15
450.0 3.99123135639713E-15
451.0 4.016775285339401E-15
452.0 4.042390565149554E-15
453.0 4.068077075518813E-15
454.0 4.0938346967567755E-15
455.0 4.11966330927485E-15
456.0 4.14556279383905E-15
457.0 4.171533031305321E-15
458.0 4.197573903925492E-15
459.0 4.223685292726631E-15
460.0 4.2498670801254655E-15
461.0 4.276119148882347E-15
462.0 4.302441382097899E-15
463.0 4.32883366160093E-15
464.0 4.355295872758E-15
465.0 4.381827898318216E-15
466.0 4.4084296224204846E-15
467.0 4.435100930065985E-15
468.0 4.4618417057579774E-15
469.0 4.488651835402916E-15
470.0 4.515531204398958E-15
471.0 4.54247969844553E-15
472.0 4.569497203261357E-15
473.0 4.596583606804133E-15
474.0 4.623738795386756E-15
475.0 4.650962656162921E-15
476.0 4.678255076850996E-15
477.0 4.7056159457346205E-15
478.0 4.733045151095195E-15
479.0 4.76054258177166E-15
480.0 4.788108126302653E-15
481.0 4.815741674920451E-15
482.0 4.8434431166907615E-15
483.0 4.8712123420838346E-15
484.0 4.899049241539043E-15
485.0 4.926953705454076E-15
486.0 4.954925625051365E-15
487.0 4.982964892383042E-15
488.0 5.0110713988635024E-15
489.0 5.039245037021032E-15
490.0 5.067485698728433E-15
491.0 5.095793277264704E-15
492.0 5.12416766583688E-15
493.0 5.152608758168185E-15
494.0 5.181116447895847E-15
495.0 5.209690629163245E-15
496.0 5.238331196619036E-15
497.0 5.267038045416235E-15
498.0 5.295811070906271E-15
499.0 5.324650168632452E-15
500.0 5.353555234016817E-15