200.0 5.656019641359784E-19
201.0 5.953866492940242E-19
202.0 6.264060357374174E-19
203.0 6.586960016733142E-19
204.0 6.922929247932018E-19
205.0 7.272336755992319E-19
206.0 7.635556095793817E-19
207.0 8.012965610539453E-19
208.0 8.404948348044041E-19
209.0 8.811891994189373E-19
210.0 9.234188788256415E-19
211.0 9.672235451703266E-19
212.0 1.0126433090088064E-18
213.0 1.0597187136105424E-18
214.0 1.1084907242927166E-18
215.0 1.1590007208840994E-18
216.0 1.2112904893677653E-18
217.0 1.2654022123039666E-18
218.0 1.3213784606801848E-18
219.0 1.3792621840392173E-18
220.0 1.4390967031133647E-18
221.0 1.5009256984991623E-18
222.0 1.564793202976772E-18
223.0 1.6307435916243405E-18
224.0 1.6988215725982022E-18
225.0 1.7690721778944946E-18
226.0 1.841540753168376E-18
227.0 1.916272949533001E-18
228.0 1.993314712108295E-18
229.0 2.072712273050898E-18
230.0 2.1545121392269786E-18
231.0 2.238761085659737E-18
232.0 2.3255061427286304E-18
233.0 2.414794588918117E-18
234.0 2.506673940086916E-18
235.0 2.6011919413592035E-18
236.0 2.6983965547410207E-18
237.0 2.798335953969743E-18
238.0 2.901058508744702E-18
239.0 3.0066127832437158E-18
240.0 3.1150475202694307E-18
241.0 3.2264116333534903E-18
242.0 3.340754200417583E-18
243.0 3.4581244503007084E-18
244.0 3.578571757782369E-18
245.0 3.7021456299420495E-18
246.0 3.828895699767697E-18
247.0 3.958871718976568E-18
248.0 4.0921235441278884E-18
249.0 4.228701133106529E-18
250.0 4.3686545311375305E-18
251.0 4.512033867283615E-18
252.0 4.6588893413565495E-18
253.0 4.809271218293703E-18
254.0 4.9632298192216666E-18
255.0 5.1208155107861806E-18
256.0 5.282078701879483E-18
257.0 5.447069829758298E-18
258.0 5.61583935714675E-18
259.0 5.788437758772156E-18
260.0 5.964915520247362E-18
261.0 6.1453231233102226E-18
262.0 6.329711043874621E-18
263.0 6.518129743300961E-18
264.0 6.710629655914295E-18
265.0 6.9072611893008676E-18
266.0 7.108074713657383E-18
267.0 7.313120551473686E-18
268.0 7.522448978919252E-18
269.0 7.736110207174381E-18
270.0 7.954154389116465E-18
271.0 8.176631603058752E-18
272.0 8.403591846654586E-18
273.0 8.635085037360022E-18
274.0 8.871161000085843E-18
275.0 9.111869463563812E-18
276.0 9.357260052341873E-18
277.0 9.60738228458263E-18
278.0 9.862285557278477E-18
279.0 1.0122019155303873E-17
280.0 1.0386632233920648E-17
281.0 1.065617381820472E-17
282.0 1.093069279438433E-17
283.0 1.1210237906524998E-17
284.0 1.149485775708198E-17
285.0 1.1784600790519631E-17
286.0 1.207951529732794E-17
287.0 1.237964940450496E-17
288.0 1.2685051075626751E-17
289.0 1.299576810390523E-17
290.0 1.3311848101083093E-17
291.0 1.3633338505763513E-17
292.0 1.3960286571523315E-17
293.0 1.429273935973936E-17
294.0 1.463074374928824E-17
295.0 1.4974346411645087E-17
296.0 1.5323593826557757E-17
297.0 1.5678532271463402E-17
298.0 1.6039207810136075E-17
299.0 1.640566630097808E-17
300.0 1.677795338919041E-17
301.0 1.715611450339643E-17
302.0 1.7540194844025346E-17
303.0 1.7930239399683796E-17
304.0 1.8326292929569595E-17
305.0 1.872839995659543E-17
306.0 1.9136604781709553E-17
307.0 1.9550951467375448E-17
308.0 1.9971483838157667E-17
309.0 2.039824547799087E-17
310.0 2.0831279729446315E-17
311.0 2.1270629695239902E-17
312.0 2.17163382262575E-17
313.0 2.2168447924863952E-17
314.0 2.262700114890246E-17
315.0 2.309203998908309E-17
316.0 2.3563606299881076E-17
317.0 2.4041741666551822E-17
318.0 2.4526487417598556E-17
319.0 2.5017884625340226E-17
320.0 2.551597409762923E-17
321.0 2.6020796375928384E-17
322.0 2.653239174998293E-17
323.0 2.7050800228540256E-17
324.0 2.7576061561039375E-17
325.0 2.8108215224486176E-17
326.0 2.864730042936981E-17
327.0 2.9193356110985926E-17
328.0 2.974642094349765E-17
329.0 3.0306533315888847E-17
330.0 3.087373135136875E-17
331.0 3.1448052887935056E-17
332.0 3.2029535507029886E-17
333.0 3.261821650042022E-17
334.0 3.321413287970601E-17
335.0 3.3817321395567543E-17
336.0 3.4427818500111043E-17
337.0 3.504566038936739E-17
338.0 3.5670882958983073E-17
339.0 3.63035218450369E-17
340.0 3.694361238762117E-17
341.0 3.759118966393914E-17
342.0 3.824628845387713E-17
343.0 3.890894327091154E-17
344.0 3.957918833972008E-17
345.0 4.025705761538312E-17
346.0 4.0942584756797945E-17
347.0 4.1635803152912624E-17
348.0 4.2336745916377955E-17
349.0 4.3045445873130785E-17
350.0 4.3761935569065735E-17
351.0 4.448624727731131E-17
352.0 4.521841298034017E-17
353.0 4.5958464391694107E-17
354.0 4.670643294168332E-17
355.0 4.74623497772534E-17
356.0 4.822624577740656E-17
357.0 4.899815154231855E-17
358.0 4.977809738156273E-17
359.0 5.056611334989147E-17
360.0 5.1362229208103185E-17
361.0 5.216647443467822E-17
362.0 5.2978878259340435E-17
363.0 5.3799469622690895E-17
364.0 5.462827718001453E-17
365.0 5.5465329335908165E-17
366.0 5.631065421093166E-17
367.0 5.716427965034038E-17
368.0 5.802623323800227E-17
369.0 5.88965422838556E-17
370.0 5.977523381965929E-17
371.0 6.066233461316314E-17
372.0 6.155787117380975E-17
373.0 6.246186974438554E-17
374.0 6.33743562774309E-17
375.0 6.429535649843334E-17
376.0 6.522489582925565E-17
377.0 6.616299945700766E-17
378.0 6.71096922907017E-17
379.0 6.80649989920203E-17
380.0 6.90289439508985E-17
381.0 7.000155131203392E-17
382.0 7.098284493390999E-17
383.0 7.197284844733784E-17
384.0 7.297158521443278E-17
385.0 7.397907834531396E-17
386.0 7.499535068803966E-17
387.0 7.602042485723885E-17
388.0 7.705432318487161E-17
389.0 7.80970677942951E-17
390.0 7.914868052206453E-17
391.0 8.020918296977556E-17
392.0 8.127859650578569E-17
393.0 8.23569422308863E-17
394.0 8.344424102064017E-17
395.0 8.454051347833343E-17
396.0 8.564578000268384E-17
397.0 8.676006073446724E-17
398.0 8.788337556297274E-17
399.0 8.901574415842492E-17
400.0 9.015718593527206E-17
401.0 9.13077200914592E-17
402.0 9.246736559071158E-17
403.0 9.36361411303053E-17
404.0 9.481406522122075E-17
405.0 9.600115610999598E-17
406.0 9.719743183988945E-17
407.0 9.840291018396681E-17
408.0 9.961760874212503E-17
409.0 1.0084154485296576E-16
410.0 1.0207473564309732E-16
411.0 1.0331719802885484E-16
412.0 1.0456894865252616E-16
413.0 1.0583000400584401E-16
414.0 1.0710038031580639E-16
415.0 1.0838009360348724E-16
416.0 1.0966915969329805E-16
417.0 1.1096759416162615E-16
418.0 1.1227541239801538E-16
419.0 1.135926295453708E-16
420.0 1.1491926057794776E-16
421.0 1.1625532023320288E-16
422.0 1.1760082305160936E-16
423.0 1.189557833702549E-16
424.0 1.2032021528344806E-16
425.0 1.2169413274890554E-16
426.0 1.2307754945941131E-16
427.0 1.2447047893307962E-16
428.0 1.2587293449041432E-16
429.0 1.272849292555588E-16
430.0 1.2870647613178056E-16
431.0 1.3013758783620896E-16
432.0 1.3157827689268362E-16
433.0 1.3302855566820222E-16
434.0 1.3448843625123376E-16
435.0 1.3595793062833858E-16
436.0 1.374370505535762E-16
437.0 1.3892580758421764E-16
438.0 1.4042421310909159E-16
439.0 1.4193227833195204E-16
440.0 1.4345001426326332E-16
441.0 1.449774317303524E-16
442.0 1.4651454137851945E-16
443.0 1.4806135368170884E-16
444.0 1.496178789343294E-16
445.0 1.5118412722309754E-16
446.0 1.527601084956564E-16
447.0 1.543458325038069E-16
448.0 1.5594130882370237E-16
449.0 1.5754654687700087E-16
450.0 1.5916155591238513E-16
451.0 1.607863449759026E-16
452.0 1.6242092296225071E-16
453.0 1.640652986165599E-16
454.0 1.6571948050476611E-16
455.0 1.6738347701415096E-16
456.0 1.6905729638576064E-16
457.0 1.7074094667329038E-16
458.0 1.7243443580794812E-16
459.0 1.7413777152484593E-16
460.0 1.7585096141745396E-16
461.0 1.7757401290616026E-16
462.0 1.7930693327209806E-16
463.0 1.8104972963639624E-16
464.0 1.8280240896101212E-16
465.0 1.845649780495445E-16
466.0 1.863374435595047E-16
467.0 1.8811981199197313E-16
468.0 1.8991208972728571E-16
469.0 1.9171428293330313E-16
470.0 1.935263977175114E-16
471.0 1.953484399646878E-16
472.0 1.9718041543087475E-16
473.0 1.9902232978114573E-16
474.0 2.0087418844663112E-16
475.0 2.0273599680575835E-16
476.0 2.04607760028148E-16
477.0 2.0648948320963972E-16
478.0 2.083811712255422E-16
479.0 2.1028282890487287E-16
480.0 2.1219446085701056E-16
481.0 2.141160715973017E-16
482.0 2.1604766552370317E-16
483.0 2.1798924687941363E-16
484.0 2.1994081975299203E-16
485.0 2.2190238813093231E-16
486.0 2.238739558863272E-16
487.0 2.2585552671378104E-16
488.0 2.27847104222293E-16
489.0 2.2984869188363025E-16
490.0 2.3186029303280196E-16
491.0 2.338819108821877E-16
492.0 2.359135485361832E-16
493.0 2.379552089510253E-16
494.0 2.400068950044214E-16
495.0 2.4206860941363896E-16
496.0 2.44140354749107E-16
497.0 2.462221335621948E-16
498.0 2.4831394818908076E-16
499.0 2.5041580089224986E-16
500.0 2.525276938192335E-16