200.0 3.478868513258329E-16
201.0 3.556510883655094E-16
202.0 3.635127557766631E-16
203.0 3.7147189598443343E-16
204.0 3.7952854371516794E-16
205.0 3.8768272646931785E-16
206.0 3.9593446435976295E-16
207.0 4.0428377075350356E-16
208.0 4.127306518186133E-16
209.0 4.212751072789432E-16
210.0 4.299171304014661E-16
211.0 4.3865670802242157E-16
212.0 4.474938206789072E-16
213.0 4.564284431658474E-16
214.0 4.654605443161563E-16
215.0 4.745900869331681E-16
216.0 4.838170289220029E-16
217.0 4.931413222251924E-16
218.0 5.025629137627731E-16
219.0 5.12081745167126E-16
220.0 5.216977535675891E-16
221.0 5.314108707039993E-16
222.0 5.412210236980576E-16
223.0 5.511281355233327E-16
224.0 5.611321242790092E-16
225.0 5.712329038462492E-16
226.0 5.814303841442133E-16
227.0 5.91724470646459E-16
228.0 6.021150651339713E-16
229.0 6.126020656533697E-16
230.0 6.231853659934978E-16
231.0 6.338648570780204E-16
232.0 6.446404259055603E-16
233.0 6.55511956091227E-16
234.0 6.664793278686055E-16
235.0 6.775424187436182E-16
236.0 6.887011025972168E-16
237.0 6.999552506602082E-16
238.0 7.113047309228573E-16
239.0 7.227494091403553E-16
240.0 7.342891478841297E-16
241.0 7.459238072919444E-16
242.0 7.576532448761665E-16
243.0 7.694773156738499E-16
244.0 7.813958728590755E-16
245.0 7.93408766532235E-16
246.0 8.055158448610613E-16
247.0 8.177169545336495E-16
248.0 8.30011939122362E-16
249.0 8.424006411162374E-16
250.0 8.54882900453787E-16
251.0 8.674585557278122E-16
252.0 8.801274435601101E-16
253.0 8.928893988404E-16
254.0 9.05744254873108E-16
255.0 9.18691843321341E-16
256.0 9.317319946639854E-16
257.0 9.448645375161254E-16
258.0 9.580892994999642E-16
259.0 9.714061063360435E-16
260.0 9.848147832642972E-16
261.0 9.983151535846162E-16
262.0 1.0119070397636532E-15
263.0 1.0255902633735517E-15
264.0 1.0393646445706713E-15
265.0 1.0532300025657994E-15
266.0 1.0671861560030487E-15
267.0 1.081232921846665E-15
268.0 1.095370117014005E-15
269.0 1.1095975570219718E-15
270.0 1.1239150569411254E-15
271.0 1.1383224311953553E-15
272.0 1.1528194929822776E-15
273.0 1.1674060552533098E-15
274.0 1.1820819305071306E-15
275.0 1.1968469304436148E-15
276.0 1.211700866226011E-15
277.0 1.226643548500542E-15
278.0 1.2416747875425893E-15
279.0 1.2567943930202852E-15
280.0 1.272002174525133E-15
281.0 1.2872979410764589E-15
282.0 1.3026815015253732E-15
283.0 1.3181526641756806E-15
284.0 1.3337112371915427E-15
285.0 1.3493570286163114E-15
286.0 1.3650898459793788E-15
287.0 1.3809094971236641E-15
288.0 1.396815789263451E-15
289.0 1.4128085298170364E-15
290.0 1.4288875258649368E-15
291.0 1.4450525844348204E-15
292.0 1.4613035127983887E-15
293.0 1.4776401176235806E-15
294.0 1.4940622067087037E-15
295.0 1.5105695862434555E-15
296.0 1.5271620635642428E-15
297.0 1.5438394461594498E-15
298.0 1.5606015409274928E-15
299.0 1.5774481552156834E-15
300.0 1.5943790966857808E-15
301.0 1.6113941730182128E-15
302.0 1.628493191447501E-15
303.0 1.6456759603011024E-15
304.0 1.6629422879378158E-15
305.0 1.6802919819542546E-15
306.0 1.6977248515387858E-15
307.0 1.7152407054392665E-15
308.0 1.7328393524239296E-15
309.0 1.7505206020865406E-15
310.0 1.7682842637213565E-15
311.0 1.786130147620696E-15
312.0 1.80405806410401E-15
313.0 1.8220678231737334E-15
314.0 1.8401592361733032E-15
315.0 1.8583321142976168E-15
316.0 1.8765862689153232E-15
317.0 1.8949215120752597E-15
318.0 1.9133376565148532E-15
319.0 1.9318345146257388E-15
320.0 1.9504118996505714E-15
321.0 1.9690696249913087E-15
322.0 1.9878075050831376E-15
323.0 2.0066253541636628E-15
324.0 2.025522987145592E-15
325.0 2.0445002192596753E-15
326.0 2.0635568665912284E-15
327.0 2.082692744809781E-15
328.0 2.1019076711587853E-15
329.0 2.12120146282115E-15
330.0 2.1405739376416475E-15
331.0 2.1600249130044997E-15
332.0 2.179554208811401E-15
333.0 2.199161643938928E-15
334.0 2.21884703771061E-15
335.0 2.2386102106561073E-15
336.0 2.2584509835620506E-15
337.0 2.278369177845806E-15
338.0 2.2983646153572618E-15
339.0 2.318437118369513E-15
340.0 2.3385865099636562E-15
341.0 2.358812613632996E-15
342.0 2.3791152538709168E-15
343.0 2.399494254772399E-15
344.0 2.419949441412221E-15
345.0 2.4404806402554636E-15
346.0 2.461087677337679E-15
347.0 2.4817703790500186E-15
348.0 2.5025285739820913E-15
349.0 2.5233620892269617E-15
350.0 2.5442707540690405E-15
351.0 2.565254397924511E-15
352.0 2.5863128498998757E-15
353.0 2.6074459413019555E-15
354.0 2.6286535026919464E-15
355.0 2.6499353655543297E-15
356.0 2.671291362727965E-15
357.0 2.692721326687666E-15
358.0 2.7142250912499805E-15
359.0 2.735802490054687E-15
360.0 2.7574533580739046E-15
361.0 2.7791775300772855E-15
362.0 2.800974842821793E-15
363.0 2.822845132179461E-15
364.0 2.844788235556397E-15
365.0 2.8668039905561935E-15
366.0 2.8888922354138943E-15
367.0 2.9110528094428186E-15
368.0 2.9332855518946727E-15
369.0 2.9555903033124363E-15
370.0 2.977966904615135E-15
371.0 3.000415196387552E-15
372.0 3.022935021411993E-15
373.0 3.045526222122247E-15
374.0 3.068188641983175E-15
375.0 3.0909221250191395E-15
376.0 3.113726515328958E-15
377.0 3.13660165825726E-15
378.0 3.1595473994418765E-15
379.0 3.182563585519858E-15
380.0 3.2056500631599357E-15
381.0 3.2288066800123535E-15
382.0 3.252033284708457E-15
383.0 3.27532972538893E-15
384.0 3.29869585213311E-15
385.0 3.3221315150008152E-15
386.0 3.3456365640090403E-15
387.0 3.36921085110581E-15
388.0 3.3928542276833852E-15
389.0 3.4165665468100682E-15
390.0 3.4403476609684644E-15
391.0 3.4641974243068794E-15
392.0 3.488115690867666E-15
393.0 3.5121023161004093E-15
394.0 3.5361571548116153E-15
395.0 3.560280063713708E-15
396.0 3.584470899108186E-15
397.0 3.608729519201163E-15
398.0 3.633055780719444E-15
399.0 3.657449542800761E-15
400.0 3.6819106646476874E-15
401.0 3.706439005772851E-15
402.0 3.73103442678266E-15
403.0 3.755696788042941E-15
404.0 3.780425951531413E-15
405.0 3.805221779502941E-15
406.0 3.8300841339334555E-15
407.0 3.8550128783950804E-15
408.0 3.8800078772499994E-15
409.0 3.9050689937294065E-15
410.0 3.930196094288835E-15
411.0 3.955389043684969E-15
412.0 3.980647707692342E-15
413.0 4.005971953660129E-15
414.0 4.0313616488480215E-15
415.0 4.056816660404656E-15
416.0 4.082336857878776E-15
417.0 4.1079221095739665E-15
418.0 4.133572285624545E-15
419.0 4.159287254880509E-15
420.0 4.1850668894355485E-15
421.0 4.210911059507515E-15
422.0 4.236819637990049E-15
423.0 4.262792495860933E-15
424.0 4.288829506768265E-15
425.0 4.314930544441979E-15
426.0 4.3410954823845596E-15
427.0 4.367324195021784E-15
428.0 4.393616557701684E-15
429.0 4.419972446398113E-15
430.0 4.446391737111062E-15
431.0 4.47287430614697E-15
432.0 4.499420030405341E-15
433.0 4.526028788870561E-15
434.0 4.552700458721536E-15
435.0 4.579434919206192E-15
436.0 4.6062320498437175E-15
437.0 4.633091729804001E-15
438.0 4.660013840325307E-15
439.0 4.6869982622844806E-15
440.0 4.714044876788208E-15
441.0 4.741153565468652E-15
442.0 4.76832421109482E-15
443.0 4.795556696644451E-15
444.0 4.822850905914338E-15
445.0 4.850206722267851E-15
446.0 4.877624030493002E-15
447.0 4.905102715237496E-15
448.0 4.932642662568973E-15
449.0 4.960243757765753E-15
450.0 4.987905888148288E-15
451.0 5.015628939908984E-15
452.0 5.04341280095725E-15
453.0 5.071257358685776E-15
454.0 5.099162502201041E-15
455.0 5.12712811975151E-15
456.0 5.155154101940129E-15
457.0 5.183240336869417E-15
458.0 5.211386715958985E-15
459.0 5.239593129729252E-15
460.0 5.26785946941423E-15
461.0 5.296185626628891E-15
462.0 5.3245714943524274E-15
463.0 5.353016964614734E-15
464.0 5.381521930462619E-15
465.0 5.41008628596177E-15
466.0 5.438709924860116E-15
467.0 5.4673927415758784E-15
468.0 5.496134630857579E-15
469.0 5.524935488788828E-15
470.0 5.553795210762302E-15
471.0 5.5827136934947134E-15
472.0 5.611690832988218E-15
473.0 5.6407265272418404E-15
474.0 5.669820673524622E-15
475.0 5.6989731704155686E-15
476.0 5.728183915049792E-15
477.0 5.7574528082753954E-15
478.0 5.786779747753497E-15
479.0 5.8161646338166954E-15
480.0 5.8456073674010224E-15
481.0 5.87510784829098E-15
482.0 5.904665977900101E-15
483.0 5.9342816578734404E-15
484.0 5.963954789725137E-15
485.0 5.993685276241749E-15
486.0 6.023473019356255E-15
487.0 6.053317923331383E-15
488.0 6.083219891206811E-15
489.0 6.11317882656186E-15
490.0 6.1431946338710354E-15
491.0 6.173267218505152E-15
492.0 6.203396485286106E-15
493.0 6.23358233955523E-15
494.0 6.263824687532756E-15
495.0 6.294123435589604E-15
496.0 6.3244784902380286E-15
497.0 6.354889758489132E-15
498.0 6.3853571489517165E-15
499.0 6.415880568524952E-15
500.0 6.446459924951743E-15