200.0 6.680540799654634E-36
201.0 8.590678647154378E-36
202.0 1.1019520594956884E-35
203.0 1.4100462472644873E-35
204.0 1.7999281919158393E-35
205.0 2.292152961785345E-35
206.0 2.9121499527302013E-35
207.0 3.691309206415576E-35
208.0 4.6682941929029337E-35
209.0 5.890624957247623E-35
210.0 7.416583412123703E-35
211.0 9.317501667922773E-35
212.0 1.168050496250733E-34
213.0 1.461179305266158E-34
214.0 1.8240558147995665E-34
215.0 2.272365404342571E-34
216.0 2.825114996525546E-34
217.0 3.505292458536299E-34
218.0 4.340648076260096E-34
219.0 5.364619039528685E-34
220.0 6.617421165949223E-34
221.0 8.14733587710035E-34
222.0 1.0012224739023074E-33
223.0 1.2281308765612135E-33
224.0 1.5037255317369394E-33
225.0 1.837862167793838E-33
226.0 2.242271166813406E-33
227.0 2.730890977051562E-33
228.0 3.320256638262632E-33
229.0 4.02995182724355E-33
230.0 4.883134003597875E-33
231.0 5.9071435501587905E-33
232.0 7.134209277558458E-33
233.0 8.602264358746745E-33
234.0 1.0355888554137304E-32
235.0 1.2447394790554518E-32
236.0 1.493808035042501E-32
237.0 1.7899665661139488E-32
238.0 2.1415946495209182E-32
239.0 2.558468868091993E-32
240.0 3.0519797953487143E-32
241.0 3.6353801720474294E-32
242.0 4.324068366965732E-32
243.0 5.135911746052024E-32
244.0 6.091615073763639E-32
245.0 7.215139714349283E-32
246.0 8.534180018031388E-32
247.0 1.0080704058348555E-31
248.0 1.189156665169891E-31
249.0 1.4009203494663515E-31
250.0 1.6482416239400335E-31
251.0 1.936725935618923E-31
252.0 2.272804087904506E-31
253.0 2.663845030375165E-31
254.0 3.1182828467771197E-31
255.0 3.6457595574323895E-31
256.0 4.257285544711029E-31
257.0 4.9654195646162056E-31
258.0 5.784470544522161E-31
259.0 6.73072353194562E-31
260.0 7.822692451084221E-31
261.0 9.081402549051934E-31
262.0 1.0530705686638831E-30
263.0 1.2197631951819764E-30
264.0 1.4112781392807439E-30
265.0 1.6310760008635497E-30
266.0 1.8830664544383226E-30
267.0 2.17166210192699E-30
268.0 2.501838241052582E-30
269.0 2.8791991293218234E-30
270.0 3.310051396782273E-30
271.0 3.801485285948053E-30
272.0 4.361464485039721E-30
273.0 4.998925374174596E-30
274.0 5.723886567344076E-30
275.0 6.547569717897912E-30
276.0 7.482532632087765E-30
277.0 8.542815820559338E-30
278.0 9.744103695192725E-30
279.0 1.1103901751424416E-29
280.0 1.2641731145737617E-29
281.0 1.437934218591927E-29
282.0 1.6340948442704112E-29
283.0 1.8553483185026918E-29
284.0 2.1046880120157332E-29
285.0 2.3854380480804948E-29
286.0 2.7012868645633816E-29
287.0 3.0563238698653186E-29
288.0 3.455079448863812E-29
289.0 3.902568586239084E-29
290.0 4.404338408090624E-29
291.0 4.966519949983806E-29
292.0 5.595884485021735E-29
293.0 6.299904782572592E-29
294.0 7.086821656107477E-29
295.0 7.96571624721639E-29
296.0 8.946588435757627E-29
297.0 1.0040441889713904E-28
298.0 1.1259376207336565E-28
299.0 1.261668671051646E-28
300.0 1.4126972437701546E-28
301.0 1.5806252940000254E-28
302.0 1.7672094499915589E-28
303.0 1.974374648885686E-28
304.0 2.2042288511724394E-28
305.0 2.459078918666783E-28
306.0 2.7414477273899955E-28
307.0 3.0540926082615963E-28
308.0 3.4000252029738696E-28
309.0 3.782532827609427E-28
310.0 4.205201456577561E-28
311.0 4.671940414796925E-28
312.0 5.187008914791266E-28
313.0 5.755044536808257E-28
314.0 6.381093794108429E-28
315.0 7.0706449062918625E-28
316.0 7.829662925378085E-28
317.0 8.6646273664278E-28
318.0 9.582572487975157E-28
319.0 1.0591130396218058E-27
320.0 1.1698577143647262E-27
321.0 1.291388199998607E-27
322.0 1.4246760089381776E-27
323.0 1.5707728593698565E-27
324.0 1.7308166732526752E-27
325.0 1.9060379739279166E-27
326.0 2.0977667073365036E-27
327.0 2.3074395092008467E-27
328.0 2.5366074475449716E-27
329.0 2.7869442606495456E-27
330.0 3.060255126521492E-27
331.0 3.358485986737864E-27
332.0 3.683733458455631E-27
333.0 4.038255365203543E-27
334.0 4.424481919510487E-27
335.0 4.845027597999412E-27
336.0 5.302703733308251E-27
337.0 5.800531872820738E-27
338.0 6.341757941650515E-27
339.0 6.929867241983547E-27
340.0 7.56860034742604E-27
341.0 8.261969922490443E-27
342.0 9.014278523647194E-27
343.0 9.830137427305777E-27
344.0 1.071448654049119E-26
345.0 1.1672615429390827E-26
346.0 1.2710185552086353E-26
347.0 1.3833253722679515E-26
348.0 1.504829687489771E-26
349.0 1.6362238208397956E-26
350.0 1.778247473963995E-26
351.0 1.9316906359939448E-26
352.0 2.0973966468516276E-26
353.0 2.2762654202778878E-26
354.0 2.4692568438308266E-26
355.0 2.6773943505058905E-26
356.0 2.901768682724603E-26
357.0 3.1435418476190864E-26
358.0 3.4039512777161616E-26
359.0 3.684314202180762E-26
360.0 3.986032238636536E-26
361.0 4.3105962212317815E-26
362.0 4.659591260564431E-26
363.0 5.034702059367796E-26
364.0 5.437718490984347E-26
365.0 5.870541444379781E-26
366.0 6.335188955094247E-26
367.0 6.83380262759906E-26
368.0 7.368654371337288E-26
369.0 7.942153444067726E-26
370.0 8.55685383251991E-26
371.0 9.215461976738987E-26
372.0 9.920844851262982E-26
373.0 1.06760384133203E-25
374.0 1.1484256438091833E-25
375.0 1.23488997598763E-25
376.0 1.3273565914147482E-25
377.0 1.426205922095649E-25
378.0 1.5318401310133727E-25
379.0 1.6446842107139978E-25
380.0 1.7651871294336286E-25
381.0 1.8938230281953755E-25
382.0 2.0310924669440401E-25
383.0 2.1775237264953796E-25
384.0 2.333674163147105E-25
385.0 2.498227717453869E-25
386.0 2.6667812408789673E-25
387.0 2.8457388153859803E-25
388.0 3.0356808072167165E-25
389.0 3.237216351203487E-25
390.0 3.4509845870004993E-25
391.0 3.6776559403597685E-25
392.0 3.9179334478740775E-25
393.0 4.172554129750343E-25
394.0 4.442290412566932E-25
395.0 4.727951595915123E-25
396.0 5.03038537485399E-25
397.0 5.350479412766552E-25
398.0 5.689162964739541E-25
399.0 6.047408559910811E-25
400.0 6.426233736061507E-25
401.0 6.826702833432367E-25
402.0 7.249928849052449E-25
403.0 7.697075344938975E-25
404.0 8.16935842856062E-25
405.0 8.668048784103433E-25
406.0 9.19447377906674E-25
407.0 9.750019632600068E-25
408.0 1.0336133648588214E-24
409.0 1.095432652537342E-24
410.0 1.1606174730616269E-24
411.0 1.229332295142677E-24
412.0 1.3017486617171205E-24
413.0 1.3780454500722811E-24
414.0 1.4584091390786861E-24
415.0 1.5430340855671287E-24
416.0 1.6321228074893747E-24
417.0 1.7258862759688077E-24
418.0 1.8245442156945393E-24
419.0 1.92832541418825E-24
420.0 2.0374680396642132E-24
421.0 2.152219967130618E-24
422.0 2.272839115109473E-24
423.0 2.399593790660838E-24
424.0 2.532763043829618E-24
425.0 2.6726370327662998E-24
426.0 2.8195173970502874E-24
427.0 2.9737176439393154E-24
428.0 3.1355635402251572E-24
429.0 3.305393520679082E-24
430.0 3.48355910080184E-24
431.0 3.670425305997493E-24
432.0 3.866371108000613E-24
433.0 4.0717898723753535E-24
434.0 4.287089822123194E-24
435.0 4.512694507126371E-24
436.0 4.749043287398829E-24
437.0 4.9965918318437074E-24
438.0 5.2558126243172016E-24
439.0 5.5271954818286355E-24
440.0 5.811248092675056E-24
441.0 6.108496557071876E-24
442.0 6.419485950422404E-24
443.0 6.744780892893541E-24
444.0 7.084966135278242E-24
445.0 7.440647158135393E-24
446.0 7.812450787785066E-24
447.0 8.201025816162457E-24
448.0 8.607043651514391E-24
449.0 9.031198968489497E-24
450.0 9.474210378359572E-24
451.0 9.936821117880235E-24
452.0 1.041979974764229E-23
453.0 1.0923940868515112E-23
454.0 1.1450065851610934E-23
455.0 1.1999023589630894E-23
456.0 1.2571691251114107E-23
457.0 1.3168975073953968E-23
458.0 1.3791811143933155E-23
459.0 1.4441166220137565E-23
460.0 1.5118038558375028E-23
461.0 1.5823458755854417E-23
462.0 1.6558490617899783E-23
463.0 1.7324232036647622E-23
464.0 1.812181588570299E-23
465.0 1.8952410941064277E-23
466.0 1.9817222810510575E-23
467.0 2.0717494891433014E-23
468.0 2.1654509335384554E-23
469.0 2.2629588039309918E-23
470.0 2.364409365478399E-23
471.0 2.4699430607602906E-23
472.0 2.5797046155080105E-23
473.0 2.6938431444538123E-23
474.0 2.81251225996947E-23
475.0 2.935870182191691E-23
476.0 3.064079852165044E-23
477.0 3.197309045639894E-23
478.0 3.3357304903262183E-23
479.0 3.479521984141154E-23
480.0 3.6288665150040924E-23
481.0 3.783952385445875E-23
482.0 3.9449733358126725E-23
483.0 4.112128671610796E-23
484.0 4.285623393609502E-23
485.0 4.465668328497592E-23
486.0 4.652480260726314E-23
487.0 4.8462820718686764E-23
488.0 5.0473028756906376E-23
489.0 5.255778157200379E-23
490.0 5.47194991915873E-23
491.0 5.696066823879756E-23
492.0 5.928384340048002E-23
493.0 6.169164892540124E-23
494.0 6.418678015085672E-23
495.0 6.677200501645299E-23
496.0 6.945016564758572E-23
497.0 7.222417992602647E-23
498.0 7.509704313252771E-23
499.0 7.807182951776822E-23
500.0 8.115169403164966E-23