200.0 2.679261124033202E-16
201.0 2.761974700258688E-16
202.0 2.846474620143634E-16
203.0 2.932781111754901E-16
204.0 3.020914359856355E-16
205.0 3.11089450346276E-16
206.0 3.202741635085368E-16
207.0 3.2964758005938607E-16
208.0 3.392116994632241E-16
209.0 3.48968516518035E-16
210.0 3.5892002048037963E-16
211.0 3.6831908344652566E-16
212.0 3.764543070519211E-16
213.0 3.846949011355753E-16
214.0 3.930410591056058E-16
215.0 4.014929658566846E-16
216.0 4.100507988357542E-16
217.0 4.1871472720892634E-16
218.0 4.2748491267243844E-16
219.0 4.363615093022225E-16
220.0 4.453446638961305E-16
221.0 4.544345158045269E-16
222.0 4.636311971498123E-16
223.0 4.729348335404938E-16
224.0 4.823455430476593E-16
225.0 4.918634373916504E-16
226.0 5.014886215726128E-16
227.0 5.112211940343919E-16
228.0 5.210612467001525E-16
229.0 5.310088655977829E-16
230.0 5.410641302469486E-16
231.0 5.512271143483183E-16
232.0 5.61497885689362E-16
233.0 5.718765061003935E-16
234.0 5.823630318955326E-16
235.0 5.929575138339695E-16
236.0 6.036599971400708E-16
237.0 6.144705215891263E-16
238.0 6.25389121816377E-16
239.0 6.364158274886726E-16
240.0 6.475506630154238E-16
241.0 6.587936478536684E-16
242.0 6.701447969874689E-16
243.0 6.816041201485649E-16
244.0 6.93171622921854E-16
245.0 7.048473061961309E-16
246.0 7.166311661475764E-16
247.0 7.285231950601329E-16
248.0 7.405233806584678E-16
249.0 7.526317068555545E-16
250.0 7.648481528813702E-16
251.0 7.771726945592178E-16
252.0 7.896053037817087E-16
253.0 8.021459481217621E-16
254.0 8.147945921569213E-16
255.0 8.275511961824967E-16
256.0 8.404157173676366E-16
257.0 8.533881090821884E-16
258.0 8.664683217104389E-16
259.0 8.79656301664254E-16
260.0 8.929519928827676E-16
261.0 9.063553355404157E-16
262.0 9.198662667751682E-16
263.0 9.334847210535737E-16
264.0 9.47210629730541E-16
265.0 9.610439208860813E-16
266.0 9.749845203026687E-16
267.0 9.89032350695005E-16
268.0 1.0031873322797584E-15
269.0 1.0174493825091872E-15
270.0 1.0318184162210908E-15
271.0 1.046294346014957E-15
272.0 1.0608770817518941E-15
273.0 1.075566531148586E-15
274.0 1.0903625993764125E-15
275.0 1.1052651896688015E-15
276.0 1.120274202913501E-15
277.0 1.1353895375683477E-15
278.0 1.1506110901618677E-15
279.0 1.1659387554601662E-15
280.0 1.1813724259132584E-15
281.0 1.1969119921644623E-15
282.0 1.2125573429693896E-15
283.0 1.2283083653553664E-15
284.0 1.2441649441581326E-15
285.0 1.2601269630505819E-15
286.0 1.2761943035785738E-15
287.0 1.292366845817988E-15
288.0 1.3086444681531615E-15
289.0 1.3250270474343738E-15
290.0 1.341514459273528E-15
291.0 1.358106577148173E-15
292.0 1.3748032738847443E-15
293.0 1.3916044204945757E-15
294.0 1.4085098868680474E-15
295.0 1.4255195411172105E-15
296.0 1.4426332505586894E-15
297.0 1.459850881194692E-15
298.0 1.4771722977328965E-15
299.0 1.4945973637483794E-15
300.0 1.5121259417069606E-15
301.0 1.5297578928416381E-15
302.0 1.5474930777553336E-15
303.0 1.565331355421758E-15
304.0 1.5832725846735046E-15
305.0 1.6013166222986602E-15
306.0 1.6194633251396054E-15
307.0 1.6377125487740457E-15
308.0 1.6560641476713903E-15
309.0 1.6745179758215564E-15
310.0 1.6930738861389373E-15
311.0 1.7117317312567258E-15
312.0 1.730491362448075E-15
313.0 1.7493526307389907E-15
314.0 1.7683153861334558E-15
315.0 1.7873794782655197E-15
316.0 1.806544755932148E-15
317.0 1.8258110672637884E-15
318.0 1.845178260067826E-15
319.0 1.864646181347671E-15
320.0 1.8842146778120894E-15
321.0 1.903883595215113E-15
322.0 1.9236527793787857E-15
323.0 1.9435220751888108E-15
324.0 1.963491327456622E-15
325.0 1.9835603802424723E-15
326.0 2.003729077558169E-15
327.0 2.0239972623237593E-15
328.0 2.0443647779598017E-15
329.0 2.0648314671663507E-15
330.0 2.0853971720987085E-15
331.0 2.1060617350973603E-15
332.0 2.1268249976099226E-15
333.0 2.147686801656919E-15
334.0 2.1686469880051096E-15
335.0 2.1897053978267725E-15
336.0 2.2108618717839504E-15
337.0 2.2321162505941676E-15
338.0 2.2534683748531683E-15
339.0 2.2749180844646887E-15
340.0 2.2964652195966023E-15
341.0 2.3181096201144055E-15
342.0 2.3398511261687496E-15
343.0 2.361689577027906E-15
344.0 2.383624812248988E-15
345.0 2.4056566716938156E-15
346.0 2.4277849949408205E-15
347.0 2.450009620673663E-15
348.0 2.4723303888988066E-15
349.0 2.4947471381210156E-15
350.0 2.517259708806087E-15
351.0 2.539867939501499E-15
352.0 2.5625716694932147E-15
353.0 2.5853707382000323E-15
354.0 2.6082649851784287E-15
355.0 2.631254249064426E-15
356.0 2.654338370111556E-15
357.0 2.677517187442784E-15
358.0 2.7007905405298583E-15
359.0 2.7241582692023397E-15
360.0 2.747620212999347E-15
361.0 2.7711762118190707E-15
362.0 2.7948261054835355E-15
363.0 2.8185697341783505E-15
364.0 2.842406938011743E-15
365.0 2.8663375572332203E-15
366.0 2.8903614320068563E-15
367.0 2.9144784035426365E-15
368.0 2.938688312288749E-15
369.0 2.962990999286088E-15
370.0 2.987386305484486E-15
371.0 3.0118740719666798E-15
372.0 3.036454140413823E-15
373.0 3.0611263526443197E-15
374.0 3.0858905501372394E-15
375.0 3.110746575443001E-15
376.0 3.1356942702915408E-15
377.0 3.1607334777260885E-15
378.0 3.1858640401966395E-15
379.0 3.2110858007505584E-15
380.0 3.236398602551317E-15
381.0 3.2618022893637287E-15
382.0 3.287296704079923E-15
383.0 3.3128816919120213E-15
384.0 3.3385570959550464E-15
385.0 3.364322761633203E-15
386.0 3.3901785332237784E-15
387.0 3.4161242555896794E-15
388.0 3.4421597741842803E-15
389.0 3.4682849350559294E-15
390.0 3.494499584081529E-15
391.0 3.5208035669513367E-15
392.0 3.5471967301917267E-15
393.0 3.5736789214356696E-15
394.0 3.600249986818536E-15
395.0 3.626909774352995E-15
396.0 3.653658131582522E-15
397.0 3.680494906887574E-15
398.0 3.707419948158725E-15
399.0 3.734433104383515E-15
400.0 3.7615342245823276E-15
401.0 3.788723158068223E-15
402.0 3.815999755258469E-15
403.0 3.843363864953687E-15
404.0 3.870815338408998E-15
405.0 3.898354026067149E-15
406.0 3.92597977919074E-15
407.0 3.953692449033414E-15
408.0 3.981491887386682E-15
409.0 4.009377946579857E-15
410.0 4.037350478915034E-15
411.0 4.065409337788375E-15
412.0 4.093554375422848E-15
413.0 4.1217854459771394E-15
414.0 4.1501024035643E-15
415.0 4.178505101660205E-15
416.0 4.206993396266731E-15
417.0 4.235567141585606E-15
418.0 4.264226193476196E-15
419.0 4.292970406834799E-15
420.0 4.321799638806464E-15
421.0 4.350713745264816E-15
422.0 4.379712584045147E-15
423.0 4.40879601138705E-15
424.0 4.4379638854889685E-15
425.0 4.4672160644271465E-15
426.0 4.496552406745166E-15
427.0 4.525972770538962E-15
428.0 4.5554770158761264E-15
429.0 4.5850650023722305E-15
430.0 4.614736589783697E-15
431.0 4.644491638306656E-15
432.0 4.674330008883333E-15
433.0 4.704251562892769E-15
434.0 4.734256161208205E-15
435.0 4.764343666372255E-15
436.0 4.794513940410506E-15
437.0 4.8247668460742356E-15
438.0 4.855102247160018E-15
439.0 4.885520006283548E-15
440.0 4.9160199877267685E-15
441.0 4.946602055527997E-15
442.0 4.977266074755918E-15
443.0 5.008011910220097E-15
444.0 5.038839427754814E-15
445.0 5.069748492592702E-15
446.0 5.100738971635709E-15
447.0 5.131810731170357E-15
448.0 5.1629636381646945E-15
449.0 5.194197560600541E-15
450.0 5.225512365814951E-15
451.0 5.2569079224808224E-15
452.0 5.288384098606459E-15
453.0 5.3199407642044315E-15
454.0 5.351577787598468E-15
455.0 5.3832950391111484E-15
456.0 5.4150923893862116E-15
457.0 5.446969708014554E-15
458.0 5.4789268669328755E-15
459.0 5.510963737011418E-15
460.0 5.543080190786331E-15
461.0 5.57527609900975E-15
462.0 5.6075513361738455E-15
463.0 5.639905773230933E-15
464.0 5.672339285580022E-15
465.0 5.704851745394919E-15
466.0 5.737443026849971E-15
467.0 5.770113005789569E-15
468.0 5.80286155547888E-15
469.0 5.835688552611946E-15
470.0 5.8685938723472425E-15
471.0 5.901577390783959E-15
472.0 5.934638983884868E-15
473.0 5.967778529632881E-15
474.0 6.000995904060835E-15
475.0 6.034290985941717E-15
476.0 6.067663652437724E-15
477.0 6.101113783095507E-15
478.0 6.1346412547229414E-15
479.0 6.168245948346995E-15
480.0 6.201927742975233E-15
481.0 6.235686518152228E-15
482.0 6.269522153957289E-15
483.0 6.303434532499003E-15
484.0 6.337423533807527E-15
485.0 6.371489038802349E-15
486.0 6.405630930051796E-15
487.0 6.43984909027239E-15
488.0 6.474143400798197E-15
489.0 6.508513745745555E-15
490.0 6.5429600082183664E-15
491.0 6.577482071048982E-15
492.0 6.612079819094964E-15
493.0 6.646753136554892E-15
494.0 6.6815019088859516E-15
495.0 6.7163260200897234E-15
496.0 6.751225356191107E-15
497.0 6.7861998036937526E-15
498.0 6.8212492483985645E-15
499.0 6.85637357695791E-15
500.0 6.891572676088304E-15