200.0 1.55665639357431E-16
201.0 1.606616420358473E-16
202.0 1.6577236183548756E-16
203.0 1.7099929148634388E-16
204.0 1.7634392485740746E-16
205.0 1.8180775700337304E-16
206.0 1.873922837185994E-16
207.0 1.9309900184419173E-16
208.0 1.9892940862957646E-16
209.0 2.0488500227967748E-16
210.0 2.109672811946688E-16
211.0 2.1717774435104246E-16
212.0 2.235178909133102E-16
213.0 2.299892203307413E-16
214.0 2.3659323214884885E-16
215.0 2.4333142574420146E-16
216.0 2.5020530070186496E-16
217.0 2.5721635631097947E-16
218.0 2.643660914538716E-16
219.0 2.7165600495797456E-16
220.0 2.7908759506520833E-16
221.0 2.8666235958385026E-16
222.0 2.9438179561910493E-16
223.0 3.022473999403913E-16
224.0 3.10260668258501E-16
225.0 3.1842309567496614E-16
226.0 3.267361764994665E-16
227.0 3.3520140392588176E-16
228.0 3.4382027023915623E-16
229.0 3.525942668837177E-16
230.0 3.6152488378327816E-16
231.0 3.7061361010197217E-16
232.0 3.798619335158692E-16
233.0 3.892713405983352E-16
234.0 3.988433163832837E-16
235.0 4.0857934478002756E-16
236.0 4.1848090803046077E-16
237.0 4.2854948698895976E-16
238.0 4.3878656081018377E-16
239.0 4.491936074691582E-16
240.0 4.597721029215614E-16
241.0 4.705235214588183E-16
242.0 4.814493361132537E-16
243.0 4.925510173715571E-16
244.0 5.03830034884686E-16
245.0 5.152878557011065E-16
246.0 5.269259452514972E-16
247.0 5.3874576726429635E-16
248.0 5.507487831023288E-16
249.0 5.629364525872589E-16
250.0 5.753102332707242E-16
251.0 5.878715806369204E-16
252.0 6.006219484697281E-16
253.0 6.13562787872115E-16
254.0 6.266955483784016E-16
255.0 6.400216768864854E-16
256.0 6.535426185304037E-16
257.0 6.672598160853381E-16
258.0 6.811747099190808E-16
259.0 6.952887383280042E-16
260.0 7.096033375197434E-16
261.0 7.241199408008295E-16
262.0 7.388399797887048E-16
263.0 7.537648833656922E-16
264.0 7.688960783678154E-16
265.0 7.842349889875166E-16
266.0 7.997830372408003E-16
267.0 8.155416422568234E-16
268.0 8.315122216367432E-16
269.0 8.476961894211611E-16
270.0 8.640949580866737E-16
271.0 8.80709937287705E-16
272.0 8.975425340884784E-16
273.0 9.145941532200148E-16
274.0 9.318661966803792E-16
275.0 9.493600645867131E-16
276.0 9.670771536953095E-16
277.0 9.850188587453173E-16
278.0 1.0031865713403674E-15
279.0 1.021581681250588E-15
280.0 1.0402055753827334E-15
281.0 1.059059637955585E-15
282.0 1.078145250583691E-15
283.0 1.0974637923700803E-15
284.0 1.1170166398954132E-15
285.0 1.1368051668639591E-15
286.0 1.1568307446483256E-15
287.0 1.1770947418237154E-15
288.0 1.1975985242593454E-15
289.0 1.218343455823659E-15
290.0 1.239330896452796E-15
291.0 1.2605622049038687E-15
292.0 1.2820387363244827E-15
293.0 1.303761843321057E-15
294.0 1.3257328764710779E-15
295.0 1.3479531829111154E-15
296.0 1.3704241074663203E-15
297.0 1.3931469925275596E-15
298.0 1.4161231775095315E-15
299.0 1.4393539990944769E-15
300.0 1.4628407914966202E-15
301.0 1.4865848864644436E-15
302.0 1.5105876127092799E-15
303.0 1.5348502961614942E-15
304.0 1.559374260836313E-15
305.0 1.5841608273826849E-15
306.0 1.6092113140846448E-15
307.0 1.6345270362608211E-15
308.0 1.6601093070096095E-15
309.0 1.6859594366026113E-15
310.0 1.7120787326241322E-15
311.0 1.7384684996408702E-15
312.0 1.7651300406324224E-15
313.0 1.792064654586087E-15
314.0 1.8192736389000974E-15
315.0 1.846758287591743E-15
316.0 1.8745198926071103E-15
317.0 1.902559742988287E-15
318.0 1.9308791255475674E-15
319.0 1.959479323475828E-15
320.0 1.9883616184168228E-15
321.0 2.0175272885423846E-15
322.0 2.0469776103203864E-15
323.0 2.0767138569030065E-15
324.0 2.1067372991996995E-15
325.0 2.13704920513909E-15
326.0 2.1676508404055623E-15
327.0 2.19854346749093E-15
328.0 2.2297283478009153E-15
329.0 2.261206738384343E-15
330.0 2.2929798946193116E-15
331.0 2.3250490690517316E-15
332.0 2.3574155123952187E-15
333.0 2.3900804717151724E-15
334.0 2.4230451920299216E-15
335.0 2.456310915704741E-15
336.0 2.4898788828680375E-15
337.0 2.5237503309952415E-15
338.0 2.557926494899293E-15
339.0 2.5924086067208765E-15
340.0 2.627197896139621E-15
341.0 2.6622955910463825E-15
342.0 2.6977029157689354E-15
343.0 2.733421093070811E-15
344.0 2.7694513423509E-15
345.0 2.8057948814616887E-15
346.0 2.842452925106561E-15
347.0 2.879426685041068E-15
348.0 2.9167173722105637E-15
349.0 2.9543261936763264E-15
350.0 2.9922543547479606E-15
351.0 3.0305030580265758E-15
352.0 3.0690735036399034E-15
353.0 3.107966889491557E-15
354.0 3.147184411269689E-15
355.0 3.1867272611684944E-15
356.0 3.226596630173419E-15
357.0 3.2667937068067247E-15
358.0 3.307319676327972E-15
359.0 3.3481757228305752E-15
360.0 3.3893630271394604E-15
361.0 3.4308827675848173E-15
362.0 3.4727361210959424E-15
363.0 3.5149242613022677E-15
364.0 3.557448359889067E-15
365.0 3.600309586615863E-15
366.0 3.6435091079075465E-15
367.0 3.687048089399892E-15
368.0 3.730927693102774E-15
369.0 3.77514907851228E-15
370.0 3.8197134049696494E-15
371.0 3.862418344340235E-15
372.0 3.90509752321145E-15
373.0 3.948078422690129E-15
374.0 3.9913619011890854E-15
375.0 4.034948816251672E-15
376.0 4.078840022728158E-15
377.0 4.123036373997207E-15
378.0 4.167538721666679E-15
379.0 4.212347915259306E-15
380.0 4.2574648028460755E-15
381.0 4.3028902307388644E-15
382.0 4.348625042187882E-15
383.0 4.394670081610149E-15
384.0 4.441026188076224E-15
385.0 4.487694202188535E-15
386.0 4.534674959813277E-15
387.0 4.581969297735773E-15
388.0 4.6295780482926164E-15
389.0 4.6775020454733824E-15
390.0 4.725742118104798E-15
391.0 4.774299096370584E-15
392.0 4.8231738066396166E-15
393.0 4.872367073873828E-15
394.0 4.921879722715854E-15
395.0 4.9717125742938614E-15
396.0 5.021866449425599E-15
397.0 5.072342167205861E-15
398.0 5.1231405446357385E-15
399.0 5.174262397350879E-15
400.0 5.2257085385089185E-15
401.0 5.277479781023821E-15
402.0 5.329576936097579E-15
403.0 5.3820008120685204E-15
404.0 5.434752217066173E-15
405.0 5.487831956732399E-15
406.0 5.541240835363261E-15
407.0 5.594979655919109E-15
408.0 5.649049220033917E-15
409.0 5.703450327625048E-15
410.0 5.758183776485437E-15
411.0 5.813250363886309E-15
412.0 5.868650884163866E-15
413.0 5.924386132372155E-15
414.0 5.980456899392911E-15
415.0 6.036863976847718E-15
416.0 6.093608154238228E-15
417.0 6.150690218078721E-15
418.0 6.208110956529885E-15
419.0 6.2658711535048585E-15
420.0 6.323971592459494E-15
421.0 6.3824130559937554E-15
422.0 6.441196323246909E-15
423.0 6.500322175117608E-15
424.0 6.5597913877193966E-15
425.0 6.6196047394136236E-15
426.0 6.679763003290906E-15
427.0 6.740266953831321E-15
428.0 6.801117362898967E-15
429.0 6.86231500107792E-15
430.0 6.923860638600389E-15
431.0 6.985755042593359E-15
432.0 7.047998980296832E-15
433.0 7.11059321675946E-15
434.0 7.173538516234016E-15
435.0 7.236835640765316E-15
436.0 7.300485352083803E-15
437.0 7.36448841067337E-15
438.0 7.428845574315698E-15
439.0 7.493557601473056E-15
440.0 7.558625246920168E-15
441.0 7.624049266130366E-15
442.0 7.689830413345375E-15
443.0 7.755969439569563E-15
444.0 7.822467096550594E-15
445.0 7.889324133286218E-15
446.0 7.956541298536076E-15
447.0 8.024119338796295E-15
448.0 8.0920590013765E-15
449.0 8.160361029253892E-15
450.0 8.229026167270234E-15
451.0 8.298055156953454E-15
452.0 8.367448739638855E-15
453.0 8.437207654899892E-15
454.0 8.507332640532164E-15
455.0 8.577824434159178E-15
456.0 8.64868377326516E-15
457.0 8.719911390850228E-15
458.0 8.791508021937202E-15
459.0 8.86347439813223E-15
460.0 8.935811252014695E-15
461.0 9.008519312159217E-15
462.0 9.081599309252403E-15
463.0 9.15505196938711E-15
464.0 9.228878021375962E-15
465.0 9.303078189982183E-15
466.0 9.377653198142845E-15
467.0 9.452603771012882E-15
468.0 9.527930629642465E-15
469.0 9.603634495000905E-15
470.0 9.679716088598546E-15
471.0 9.756176128377821E-15
472.0 9.833015329837125E-15
473.0 9.91023441320376E-15
474.0 9.98783409151714E-15
475.0 1.006581508017745E-14
476.0 1.0144178090934072E-14
477.0 1.0222923838573741E-14
478.0 1.0302053031767442E-14
479.0 1.0381566381629226E-14
480.0 1.0461464597441876E-14
481.0 1.0541748386006836E-14
482.0 1.0622418455397244E-14
483.0 1.0703475510575266E-14
484.0 1.0784920256530036E-14
485.0 1.0866753397023212E-14
486.0 1.0948975633938506E-14
487.0 1.1031587671156266E-14
488.0 1.1114590205493755E-14
489.0 1.119798394033022E-14
490.0 1.1281769571950202E-14
491.0 1.1365947797343563E-14
492.0 1.1450519314920655E-14
493.0 1.1535484819210687E-14
494.0 1.162084500483167E-14
495.0 1.1706600565163853E-14
496.0 1.1792752191662144E-14
497.0 1.187930057725862E-14
498.0 1.1966246412983659E-14
499.0 1.2053590386555892E-14
500.0 1.2141333187195365E-14