200.0 2.7939386083472064E-17
201.0 2.8635597811244854E-17
202.0 2.934140906777935E-17
203.0 3.005680638559271E-17
204.0 3.078177480829423E-17
205.0 3.151629792315408E-17
206.0 3.226035791566814E-17
207.0 3.3013935566669116E-17
208.0 3.377701034276633E-17
209.0 3.4549560374261745E-17
210.0 3.533156250855163E-17
211.0 3.612299238022006E-17
212.0 3.692382436979739E-17
213.0 3.773403173209621E-17
214.0 3.855358652243848E-17
215.0 3.9382459726826854E-17
216.0 4.022062122034787E-17
217.0 4.106803986422145E-17
218.0 4.1924683465678863E-17
219.0 4.279051886486364E-17
220.0 4.366551194155591E-17
221.0 4.454962764806961E-17
222.0 4.5442830047934665E-17
223.0 4.6345082325235633E-17
224.0 4.725634682801365E-17
225.0 4.817658510038111E-17
226.0 4.9105757902100545E-17
227.0 5.004382521435626E-17
228.0 5.099074633304014E-17
229.0 5.194647981133886E-17
230.0 5.2910983539686356E-17
231.0 5.388421476985349E-17
232.0 5.486613010452511E-17
233.0 5.585668557285769E-17
234.0 5.685583657750172E-17
235.0 5.786353803257726E-17
236.0 5.887974426732314E-17
237.0 5.990440912981142E-17
238.0 6.093748597934088E-17
239.0 6.197892769830654E-17
240.0 6.302868673304258E-17
241.0 6.408671512816688E-17
242.0 6.515296449973335E-17
243.0 6.622738608256256E-17
244.0 6.730993077928903E-17
245.0 6.840054910707436E-17
246.0 6.949919130064997E-17
247.0 7.06058072735834E-17
248.0 7.172034664133906E-17
249.0 7.28427587527763E-17
250.0 7.397299273925372E-17
251.0 7.511099743681115E-17
252.0 7.625672150976116E-17
253.0 7.741011339704016E-17
254.0 7.857112136876275E-17
255.0 7.973969348655031E-17
256.0 8.09157777049263E-17
257.0 8.209932175819465E-17
258.0 8.329027335347371E-17
259.0 8.448858001944574E-17
260.0 8.569418918046653E-17
261.0 8.690704820567073E-17
262.0 8.812710432493247E-17
263.0 8.935430479188487E-17
264.0 9.058859674097634E-17
265.0 9.18299272931492E-17
266.0 9.307824353649798E-17
267.0 9.433349256557566E-17
268.0 9.559562142999924E-17
269.0 9.686457718243225E-17
270.0 9.814030691810265E-17
271.0 9.942275777361693E-17
272.0 1.0071187685051459E-16
273.0 1.0200761135879801E-16
274.0 1.0330990852984532E-16
275.0 1.0461871567645117E-16
276.0 1.0593398013438529E-16
277.0 1.0725564938887198E-16
278.0 1.0858367094955946E-16
279.0 1.0991799245541577E-16
280.0 1.1125856165922556E-16
281.0 1.1260532634166544E-16
282.0 1.1395823451013111E-16
283.0 1.1531723422156012E-16
284.0 1.1668227367841767E-16
285.0 1.1805330123403608E-16
286.0 1.194302653617392E-16
287.0 1.2081311473061385E-16
288.0 1.2220179808980035E-16
289.0 1.2359626440428497E-16
290.0 1.2499646278667583E-16
291.0 1.264023425373747E-16
292.0 1.2781385307326127E-16
293.0 1.2923094406770464E-16
294.0 1.3065356534180136E-16
295.0 1.3208166689143462E-16
296.0 1.3351519894114312E-16
297.0 1.3495411190884263E-16
298.0 1.363983563817523E-16
299.0 1.3784788317028315E-16
300.0 1.3930264332407172E-16
301.0 1.4076258805450462E-16
302.0 1.4222766882920126E-16
303.0 1.4369783732068947E-16
304.0 1.4517304540740344E-16
305.0 1.4665324524343967E-16
306.0 1.4813838913661087E-16
307.0 1.4962842971474737E-16
308.0 1.5112331977498346E-16
309.0 1.5262301235330333E-16
310.0 1.5412746075396566E-16
311.0 1.556366185224961E-16
312.0 1.5715043943183663E-16
313.0 1.5866887748233248E-16
314.0 1.6019188696008543E-16
315.0 1.6171942236489855E-16
316.0 1.6325143848343767E-16
317.0 1.6478789031597195E-16
318.0 1.6632873315019372E-16
319.0 1.6787392251694866E-16
320.0 1.6942341418973353E-16
321.0 1.709771641993377E-16
322.0 1.7253512889501754E-16
323.0 1.740972647758933E-16
324.0 1.7566352868935078E-16
325.0 1.7723387770803385E-16
326.0 1.788082691753769E-16
327.0 1.803866607052079E-16
328.0 1.8196901018124657E-16
329.0 1.8355527570850845E-16
330.0 1.8514541570777626E-16
331.0 1.867393888190897E-16
332.0 1.8833715398083866E-16
333.0 1.8993867039696714E-16
334.0 1.915438975523372E-16
335.0 1.9315279511282033E-16
336.0 1.947653230880486E-16
337.0 1.9638144174876084E-16
338.0 1.980011116589887E-16
339.0 1.996242935403616E-16
340.0 2.012509484716045E-16
341.0 2.0288103778716548E-16
342.0 2.0451452305837E-16
343.0 2.0615136614291433E-16
344.0 2.0779152918389886E-16
345.0 2.0943497452174987E-16
346.0 2.110816648309113E-16
347.0 2.1273156304964778E-16
348.0 2.1438463227239805E-16
349.0 2.1604083601174638E-16
350.0 2.1770013793295982E-16
351.0 2.193625019929646E-16
352.0 2.2102789245731898E-16
353.0 2.226962737367406E-16
354.0 2.243676106370201E-16
355.0 2.2604186812300766E-16
356.0 2.2771901147949907E-16
357.0 2.2939900620023384E-16
358.0 2.3108181809593735E-16
359.0 2.3276741316362604E-16
360.0 2.3445575769515254E-16
361.0 2.3614681823863416E-16
362.0 2.378405615776881E-16
363.0 2.395369547479735E-16
364.0 2.4123596505420163E-16
365.0 2.429375600494111E-16
366.0 2.4464170755206946E-16
367.0 2.4634837556736966E-16
368.0 2.480575324191797E-16
369.0 2.497691466136162E-16
370.0 2.5148318695257946E-16
371.0 2.5319962245443177E-16
372.0 2.549184223906476E-16
373.0 2.5663955628391446E-16
374.0 2.5836299388640453E-16
375.0 2.600887051774402E-16
376.0 2.6181666038108154E-16
377.0 2.635468300042368E-16
378.0 2.652791847347912E-16
379.0 2.6701369549900545E-16
380.0 2.687503334594433E-16
381.0 2.7048907005360493E-16
382.0 2.7222987686997847E-16
383.0 2.739727258289831E-16
384.0 2.757175890180282E-16
385.0 2.7746443875019536E-16
386.0 2.7921324752056887E-16
387.0 2.809639881698227E-16
388.0 2.8271663369624224E-16
389.0 2.8447115729428865E-16
390.0 2.8622753241511247E-16
391.0 2.8798573270168723E-16
392.0 2.8974573204974773E-16
393.0 2.9150750454243966E-16
394.0 2.9327102453303245E-16
395.0 2.950362664937869E-16
396.0 2.968032051840961E-16
397.0 2.9857181558493494E-16
398.0 3.003420728103263E-16
399.0 3.0211395225588475E-16
400.0 3.038874295325565E-16
401.0 3.056624803553319E-16
402.0 3.074390807806508E-16
403.0 3.0921720698653234E-16
404.0 3.1099683535739546E-16
405.0 3.1277794250417806E-16
406.0 3.145605052182102E-16
407.0 3.1634450051339246E-16
408.0 3.1812990557977655E-16
409.0 3.1991669780357323E-16
410.0 3.2170485478759964E-16
411.0 3.2349435430440465E-16
412.0 3.252851742938571E-16
413.0 3.270772929742553E-16
414.0 3.2887068863663604E-16
415.0 3.3066533989226877E-16
416.0 3.3246122544348523E-16
417.0 3.3425832417213844E-16
418.0 3.3605661522973365E-16
419.0 3.3785607785171763E-16
420.0 3.396566914931584E-16
421.0 3.4145843585058643E-16
422.0 3.432612907209535E-16
423.0 3.4506523606869987E-16
424.0 3.468702521174845E-16
425.0 3.4867631918474657E-16
426.0 3.5048341779655717E-16
427.0 3.522915287098525E-16
428.0 3.541006327215134E-16
429.0 3.5591071090252903E-16
430.0 3.577217444544029E-16
431.0 3.5953371475456754E-16
432.0 3.613466033546177E-16
433.0 3.631603919063836E-16
434.0 3.6497506237622996E-16
435.0 3.6679059673089186E-16
436.0 3.6860697717588894E-16
437.0 3.70424186057486E-16
438.0 3.7224220595810683E-16
439.0 3.740610194756052E-16
440.0 3.7588060946457796E-16
441.0 3.7770095886395286E-16
442.0 3.7952205086664725E-16
443.0 3.8134386877095115E-16
444.0 3.831663960029032E-16
445.0 3.849896161142309E-16
446.0 3.8681351292951384E-16
447.0 3.8863807027174167E-16
448.0 3.904632721836525E-16
449.0 3.922891028768264E-16
450.0 3.9411554670512585E-16
451.0 3.9594258806227723E-16
452.0 3.97770211606043E-16
453.0 3.9959840210624537E-16
454.0 4.014271444427425E-16
455.0 4.0325642367965517E-16
456.0 4.0508622491141913E-16
457.0 4.069165335407485E-16
458.0 4.0874733497190637E-16
459.0 4.105786147870812E-16
460.0 4.124103587195818E-16
461.0 4.142425525751378E-16
462.0 4.1607518238458273E-16
463.0 4.1790823422215765E-16
464.0 4.197416943326756E-16
465.0 4.2157554910442766E-16
466.0 4.234097850157049E-16
467.0 4.2524438863284373E-16
468.0 4.2707934681764237E-16
469.0 4.2891464633433106E-16
470.0 4.30750274239873E-16
471.0 4.325862176472796E-16
472.0 4.3442246372340263E-16
473.0 4.3625899992479853E-16
474.0 4.380958136535019E-16
475.0 4.3993289254589307E-16
476.0 4.417702242861804E-16
477.0 4.436077966842501E-16
478.0 4.454455977277811E-16
479.0 4.472836154743761E-16
480.0 4.491218380765291E-16
481.0 4.509602537800421E-16
482.0 4.527988510571517E-16
483.0 4.546376183363828E-16
484.0 4.564765442700968E-16
485.0 4.583156176258808E-16
486.0 4.601548271223537E-16
487.0 4.6199416177995E-16
488.0 4.638336106489288E-16
489.0 4.656731628346289E-16
490.0 4.675128075777571E-16
491.0 4.693525343082178E-16
492.0 4.711923324249334E-16
493.0 4.730321914859013E-16
494.0 4.748721012074693E-16
495.0 4.767120512702954E-16
496.0 4.785520316488408E-16
497.0 4.803920321407287E-16
498.0 4.822320429461176E-16
499.0 4.840720541128931E-16
500.0 4.85912055979088E-16