200.0 2.2339017193632617E-14
201.0 2.2324310819217797E-14
202.0 2.2309557296846244E-14
203.0 2.229476619241755E-14
204.0 2.227994674532335E-14
205.0 2.2265107870772315E-14
206.0 2.2250258171400363E-14
207.0 2.2235405936242298E-14
208.0 2.2220559170434042E-14
209.0 2.220572558134825E-14
210.0 2.219091261371816E-14
211.0 2.217612743846826E-14
212.0 2.2161376953942036E-14
213.0 2.2146667828877016E-14
214.0 2.2132006463976302E-14
215.0 2.2117399046187136E-14
216.0 2.2102851513268542E-14
217.0 2.208836960415578E-14
218.0 2.2073958817765666E-14
219.0 2.2059624459770335E-14
220.0 2.2045371633348188E-14
221.0 2.203120523882235E-14
222.0 2.2017129996084242E-14
223.0 2.2003150435228305E-14
224.0 2.198927091564133E-14
225.0 2.1975495619324326E-14
226.0 2.1961828561152063E-14
227.0 2.1948273598839307E-14
228.0 2.1934834437104532E-14
229.0 2.192151462074291E-14
230.0 2.1908317555229993E-14
231.0 2.189524650498393E-14
232.0 2.1882304586278622E-14
233.0 2.1869494806127545E-14
234.0 2.1856820011656044E-14
235.0 2.184428295289644E-14
236.0 2.1831886250935513E-14
237.0 2.1819632403940466E-14
238.0 2.180752380878211E-14
239.0 2.1795562740207208E-14
240.0 2.1783751377450802E-14
241.0 2.177209180160757E-14
242.0 2.1760585985342872E-14
243.0 2.174923580342349E-14
244.0 2.1738043053176217E-14
245.0 2.1727009426067468E-14
246.0 2.17161365433447E-14
247.0 2.1705425927710178E-14
248.0 2.1694879033456398E-14
249.0 2.1684497223345944E-14
250.0 2.1674281803290105E-14
251.0 2.1664233984323713E-14
252.0 2.1654354931831074E-14
253.0 2.1644645712886055E-14
254.0 2.1635107362213197E-14
255.0 2.1625740817533174E-14
256.0 2.161654698491753E-14
257.0 2.160752668431436E-14
258.0 2.1598680704499077E-14
259.0 2.159000976100165E-14
260.0 2.158151451698617E-14
261.0 2.157319558700709E-14
262.0 2.1565053540666452E-14
263.0 2.1557088889723893E-14
264.0 2.1549302103610206E-14
265.0 2.1541693612898558E-14
266.0 2.153426379411354E-14
267.0 2.1527012989588916E-14
268.0 2.1519941496901976E-14
269.0 2.1513049574613952E-14
270.0 2.150633744786726E-14
271.0 2.1499805297918534E-14
272.0 2.1493453283641535E-14
273.0 2.14872815151173E-14
274.0 2.148129008404751E-14
275.0 2.1475479041943204E-14
276.0 2.146984840335742E-14
277.0 2.146439817347748E-14
278.0 2.1459128315314955E-14
279.0 2.1454038768358216E-14
280.0 2.1449129444829418E-14
281.0 2.1444400230397645E-14
282.0 2.143985099795316E-14
283.0 2.1435481579800564E-14
284.0 2.1431291796729936E-14
285.0 2.142728144763166E-14
286.0 2.1423450310076353E-14
287.0 2.1419798138738596E-14
288.0 2.1416324674511567E-14
289.0 2.1413029634299092E-14
290.0 2.1409912722192854E-14
291.0 2.1406973625640942E-14
292.0 2.1404212009591363E-14
293.0 2.140162753379613E-14
294.0 2.1399219832177388E-14
295.0 2.139698853214025E-14
296.0 2.1394933242389563E-14
297.0 2.139305356784609E-14
298.0 2.1391349091318426E-14
299.0 2.1389819384265928E-14
300.0 2.1388464013249988E-14
301.0 2.138728252994978E-14
302.0 2.1386274475592858E-14
303.0 2.138543938124391E-14
304.0 2.138477676808514E-14
305.0 2.1384286155730427E-14
306.0 2.1383967038308573E-14
307.0 2.1383818924929958E-14
308.0 2.1383841299723573E-14
309.0 2.1384033640197927E-14
310.0 2.1384395429307884E-14
311.0 2.1384926129825726E-14
312.0 2.1385625208334435E-14
313.0 2.1386492117619396E-14
314.0 2.1387526310638078E-14
315.0 2.1388727234755955E-14
316.0 2.139009432802768E-14
317.0 2.1391627027155042E-14
318.0 2.139332476950843E-14
319.0 2.139518697587616E-14
320.0 2.1397213073792377E-14
321.0 2.1399402484116888E-14
322.0 2.1401754626916005E-14
323.0 2.140426891393212E-14
324.0 2.1406944760133057E-14
325.0 2.1409781574273544E-14
326.0 2.1412778760924042E-14
327.0 2.1415935726215257E-14
328.0 2.1419251877865293E-14
329.0 2.1422726615867293E-14
330.0 2.1426359338230947E-14
331.0 2.143014944662279E-14
332.0 2.1434096337099315E-14
333.0 2.1438199405763418E-14
334.0 2.1442458054323304E-14
335.0 2.144687167352871E-14
336.0 2.1451439661663214E-14
337.0 2.1456161409867354E-14
338.0 2.146103631865326E-14
339.0 2.1466063779648374E-14
340.0 2.1471243186608552E-14
341.0 2.1476573939026462E-14
342.0 2.1482055427670826E-14
343.0 2.148768705089175E-14
344.0 2.149346820737621E-14
345.0 2.1499398292589012E-14
346.0 2.1505476705963307E-14
347.0 2.1511702847310712E-14
348.0 2.1518076113286477E-14
349.0 2.15245959098243E-14
350.0 2.1531261636155383E-14
351.0 2.153807270074146E-14
352.0 2.154502850712881E-14
353.0 2.1552128459272404E-14
354.0 2.1559371966777935E-14
355.0 2.156675844309837E-14
356.0 2.157428729680353E-14
357.0 2.158195794031405E-14
358.0 2.1589769795046487E-14
359.0 2.1597722272332008E-14
360.0 2.1605814794192256E-14
361.0 2.1614046777761322E-14
362.0 2.1622417652472554E-14
363.0 2.1630926837699627E-14
364.0 2.1639573765035584E-14
365.0 2.164835786284086E-14
366.0 2.1657278564763477E-14
367.0 2.1666335302902132E-14
368.0 2.1675527514576868E-14
369.0 2.168485464057863E-14
370.0 2.169431611671817E-14
371.0 2.1703911394006567E-14
372.0 2.1713639915044437E-14
373.0 2.17235011291391E-14
374.0 2.1733494487222465E-14
375.0 2.174361944515028E-14
376.0 2.175387545700179E-14
377.0 2.1764261980056176E-14
378.0 2.17747784846572E-14
379.0 2.1785424427689947E-14
380.0 2.1796199279028602E-14
381.0 2.1807102508256482E-14
382.0 2.1818133586293492E-14
383.0 2.182929199027258E-14
384.0 2.1840577200198504E-14
385.0 2.185198869402179E-14
386.0 2.1863525954142014E-14
387.0 2.1875188470588418E-14
388.0 2.188697572960421E-14
389.0 2.1898887228197008E-14
390.0 2.191092245468253E-14
391.0 2.192308090965583E-14
392.0 2.1935362096224718E-14
393.0 2.194776551196012E-14
394.0 2.1960290669710922E-14
395.0 2.197293707191345E-14
396.0 2.1985704236148096E-14
397.0 2.1998591675905476E-14
398.0 2.2011598905365625E-14
399.0 2.2024725448869114E-14
400.0 2.2037970828161904E-14
401.0 2.2051334568708047E-14
402.0 2.2064816201208497E-14
403.0 2.207841525681916E-14
404.0 2.2092131270262325E-14
405.0 2.210596377977354E-14
406.0 2.2119912323923262E-14
407.0 2.21339764493909E-14
408.0 2.2148155698416267E-14
409.0 2.216244962280293E-14
410.0 2.217685777295408E-14
411.0 2.2191379704055593E-14
412.0 2.220601497292137E-14
413.0 2.222076314104248E-14
414.0 2.2235623768363277E-14
415.0 2.2250596425572362E-14
416.0 2.2265680678639553E-14
417.0 2.2280876099558412E-14
418.0 2.2296182260154702E-14
419.0 2.2311598739699148E-14
420.0 2.232712511719999E-14
421.0 2.2342760975947897E-14
422.0 2.2358505898898993E-14
423.0 2.2374359476238873E-14
424.0 2.2390321297727656E-14
425.0 2.240639095570474E-14
426.0 2.242256804655293E-14
427.0 2.2438852169135847E-14
428.0 2.2455242926258874E-14
429.0 2.2471739920107992E-14
430.0 2.2488342755230382E-14
431.0 2.250505104747633E-14
432.0 2.2521864401461842E-14
433.0 2.2538782434515592E-14
434.0 2.255580476314298E-14
435.0 2.2572931008961158E-14
436.0 2.2590160791207515E-14
437.0 2.2607493734151225E-14
438.0 2.262492947147543E-14
439.0 2.264246762399709E-14
440.0 2.2660107832229582E-14
441.0 2.26778497252452E-14
442.0 2.269569293987834E-14
443.0 2.2713637120643707E-14
444.0 2.273168190644404E-14
445.0 2.2749826940849234E-14
446.0 2.276807187789385E-14
447.0 2.278641635859088E-14
448.0 2.2804860037274713E-14
449.0 2.282340257127994E-14
450.0 2.284204361361881E-14
451.0 2.2860782824616462E-14
452.0 2.2879619867481388E-14
453.0 2.289855440391428E-14
454.0 2.2917586099884764E-14
455.0 2.2936714625578423E-14
456.0 2.2955939648127877E-14
457.0 2.2975260843142006E-14
458.0 2.2994677885988867E-14
459.0 2.3014190451772936E-14
460.0 2.3033798221058457E-14
461.0 2.3053500876941477E-14
462.0 2.3073298103578465E-14
463.0 2.309318958615665E-14
464.0 2.3113175012293017E-14
465.0 2.3133254076275087E-14
466.0 2.3153426464748488E-14
467.0 2.3173691878086762E-14
468.0 2.3194050010385846E-14
469.0 2.321450056225577E-14
470.0 2.32350432336692E-14
471.0 2.325567772677461E-14
472.0 2.327640374868898E-14
473.0 2.3297221007208066E-14
474.0 2.3318129212190325E-14
475.0 2.333912807129636E-14
476.0 2.3360217301237337E-14
477.0 2.338139661786054E-14
478.0 2.3402665734728314E-14
479.0 2.3424024377132763E-14
480.0 2.3445472260995796E-14
481.0 2.3467009111089206E-14
482.0 2.3488634652577544E-14
483.0 2.3510348612390082E-14
484.0 2.3532150721977933E-14
485.0 2.355404071030423E-14
486.0 2.357601830800989E-14
487.0 2.359808325155171E-14
488.0 2.3620235278985017E-14
489.0 2.3642474125774948E-14
490.0 2.3664799531713945E-14
491.0 2.3687211240878064E-14
492.0 2.3709708997436432E-14
493.0 2.3732292544250756E-14
494.0 2.375496162975626E-14
495.0 2.3777715999646614E-14
496.0 2.3800555410628286E-14
497.0 2.3823479608349542E-14
498.0 2.3846488354901E-14
499.0 2.3869581398532485E-14
500.0 2.389275849974025E-14