200.0 3.8192065505563885E-17
201.0 3.914662570922954E-17
202.0 4.0114598064582805E-17
203.0 4.1095974023733005E-17
204.0 4.209074304911285E-17
205.0 4.3098892590489146E-17
206.0 4.4120408201499734E-17
207.0 4.5155273501836664E-17
208.0 4.620347030202672E-17
209.0 4.7264978575126714E-17
210.0 4.833977655887934E-17
211.0 4.9427840756735195E-17
212.0 5.0529145981928466E-17
213.0 5.16436654294184E-17
214.0 5.2771370672946095E-17
215.0 5.391223175783631E-17
216.0 5.506621719650611E-17
217.0 5.623329403330034E-17
218.0 5.741342786621134E-17
219.0 5.860658289714413E-17
220.0 5.981272198293109E-17
221.0 6.103180662376089E-17
222.0 6.226379707513937E-17
223.0 6.350865231136853E-17
224.0 6.476633013085239E-17
225.0 6.603678712431896E-17
226.0 6.731997875590204E-17
227.0 6.861585936998468E-17
228.0 6.99243823005754E-17
229.0 7.124549975484395E-17
230.0 7.257916299967509E-17
231.0 7.392532232263863E-17
232.0 7.528392703264269E-17
233.0 7.665492561790686E-17
234.0 7.803826556976555E-17
235.0 7.943389365394317E-17
236.0 8.084175574947042E-17
237.0 8.226179695995058E-17
238.0 8.369396167063026E-17
239.0 8.513819350497907E-17
240.0 8.65944353681841E-17
241.0 8.806262956485972E-17
242.0 8.95427176897669E-17
243.0 9.103464072240416E-17
244.0 9.253833909384056E-17
245.0 9.405375263497914E-17
246.0 9.558082064113106E-17
247.0 9.711948187147654E-17
248.0 9.866967463753915E-17
249.0 1.0023133673423603E-16
250.0 1.0180440556237584E-16
251.0 1.0338881800972551E-16
252.0 1.0498451064433054E-16
253.0 1.065914196293806E-16
254.0 1.0820948074015419E-16
255.0 1.0983862944210347E-16
256.0 1.1147880087252358E-16
257.0 1.1312992984443815E-16
258.0 1.1479195095117082E-16
259.0 1.1646479846974128E-16
260.0 1.181484064127311E-16
261.0 1.1984270864787796E-16
262.0 1.215476387443021E-16
263.0 1.2326313015699888E-16
264.0 1.2498911612276738E-16
265.0 1.2672552971280952E-16
266.0 1.2847230388726744E-16
267.0 1.3022937143984442E-16
268.0 1.3199666512141645E-16
269.0 1.337741174702739E-16
270.0 1.3556166106312134E-16
271.0 1.3735922829994097E-16
272.0 1.3916675163006174E-16
273.0 1.40984163375469E-16
274.0 1.428113958867239E-16
275.0 1.44648381435183E-16
276.0 1.4649505232650401E-16
277.0 1.48351340881272E-16
278.0 1.5021717942906465E-16
279.0 1.520925003325421E-16
280.0 1.5397723598042778E-16
281.0 1.5587131879517418E-16
282.0 1.5777468133650532E-16
283.0 1.5968725615063117E-16
284.0 1.616089759045716E-16
285.0 1.6353977332925205E-16
286.0 1.6547958134144824E-16
287.0 1.6742833285329986E-16
288.0 1.693859609595137E-16
289.0 1.713523988782433E-16
290.0 1.733275799054814E-16
291.0 1.7531143759125377E-16
292.0 1.7730390550580337E-16
293.0 1.7930491748534176E-16
294.0 1.8131440744685484E-16
295.0 1.8333230953218203E-16
296.0 1.8535855804288336E-16
297.0 1.8739308746199336E-16
298.0 1.8943583249455658E-16
299.0 1.9148672796258294E-16
300.0 1.9354570899086242E-16
301.0 1.9561271088383743E-16
302.0 1.9768766905284268E-16
303.0 1.9977051929905177E-16
304.0 2.0186119751807857E-16
305.0 2.0395963992828967E-16
306.0 2.0606578286444226E-16
307.0 2.081795630288891E-16
308.0 2.103009173222948E-16
309.0 2.1242978282458468E-16
310.0 2.1456609695348926E-16
311.0 2.1670979734958445E-16
312.0 2.1886082189708926E-16
313.0 2.2101910876552728E-16
314.0 2.231845963916269E-16
315.0 2.253572234397272E-16
316.0 2.275369288842669E-16
317.0 2.2972365197059963E-16
318.0 2.3191733227860517E-16
319.0 2.3411790953594146E-16
320.0 2.3632532380518747E-16
321.0 2.38539515528782E-16
322.0 2.407604253395259E-16
323.0 2.42987994144237E-16
324.0 2.452221632538314E-16
325.0 2.47462874124928E-16
326.0 2.4971006866298046E-16
327.0 2.5196368891755547E-16
328.0 2.542236773888266E-16
329.0 2.5648997678598563E-16
330.0 2.5876253009170323E-16
331.0 2.6104128069666477E-16
332.0 2.6332617222019905E-16
333.0 2.6561714862193014E-16
334.0 2.6791415415615173E-16
335.0 2.70217133370808E-16
336.0 2.7252603117611153E-16
337.0 2.74840792681505E-16
338.0 2.771613634974007E-16
339.0 2.7948768933753365E-16
340.0 2.818197163450269E-16
341.0 2.8415739097502054E-16
342.0 2.865006599454656E-16
343.0 2.8884947030701584E-16
344.0 2.9120376949084555E-16
345.0 2.9356350513826453E-16
346.0 2.959286252683188E-16
347.0 2.9829907820406413E-16
348.0 3.006748125460505E-16
349.0 3.030557772943639E-16
350.0 3.0544192167403614E-16
351.0 3.0783319528206494E-16
352.0 3.1022954801138554E-16
353.0 3.126309300233225E-16
354.0 3.1503729192336603E-16
355.0 3.1744858445486676E-16
356.0 3.1986475885366753E-16
357.0 3.222857665140421E-16
358.0 3.24711559243196E-16
359.0 3.271420891311002E-16
360.0 3.295773085215844E-16
361.0 3.320171702200116E-16
362.0 3.3446162712383663E-16
363.0 3.3691063264137795E-16
364.0 3.39364140427023E-16
365.0 3.418221043508188E-16
366.0 3.4428447873706586E-16
367.0 3.4675121809451067E-16
368.0 3.492222773019641E-16
369.0 3.516976116075244E-16
370.0 3.54177176353282E-16
371.0 3.5666092740959313E-16
372.0 3.591488208454997E-16
373.0 3.61640813007624E-16
374.0 3.641368605732305E-16
375.0 3.666369206046625E-16
376.0 3.691409502672738E-16
377.0 3.7164890724708255E-16
378.0 3.7416074938404628E-16
379.0 3.7667643480928503E-16
380.0 3.79195921999868E-16
381.0 3.817191697487788E-16
382.0 3.8424613704760497E-16
383.0 3.867767832560332E-16
384.0 3.893110680428517E-16
385.0 3.918489513255495E-16
386.0 3.943903931792102E-16
387.0 3.9693535424336593E-16
388.0 3.9948379519351664E-16
389.0 4.0203567708954035E-16
390.0 4.045909613454561E-16
391.0 4.071496095193151E-16
392.0 4.097115835179671E-16
393.0 4.1227684544551126E-16
394.0 4.14845357871087E-16
395.0 4.174170834359358E-16
396.0 4.1999198518176453E-16
397.0 4.2257002636745037E-16
398.0 4.251511705268358E-16
399.0 4.2773538146634275E-16
400.0 4.3032262329340354E-16
401.0 4.329128602907495E-16
402.0 4.355060571297854E-16
403.0 4.381021786832592E-16
404.0 4.4070119005296917E-16
405.0 4.433030566295164E-16
406.0 4.459077440903132E-16
407.0 4.485152183976082E-16
408.0 4.511254457330372E-16
409.0 4.537383923991166E-16
410.0 4.563540251337385E-16
411.0 4.589723109826539E-16
412.0 4.615932169445404E-16
413.0 4.642167106083084E-16
414.0 4.668427595742049E-16
415.0 4.694713318043616E-16
416.0 4.721023954269974E-16
417.0 4.747359189612521E-16
418.0 4.773718709896449E-16
419.0 4.800102204156324E-16
420.0 4.826509363965935E-16
421.0 4.85293988308612E-16
422.0 4.879393457769492E-16
423.0 4.905869786406154E-16
424.0 4.93236856983033E-16
425.0 4.958889511298527E-16
426.0 4.985432315460807E-16
427.0 5.011996691352964E-16
428.0 5.038582348353523E-16
429.0 5.065188998840234E-16
430.0 5.091816357498705E-16
431.0 5.118464140619169E-16
432.0 5.145132067771895E-16
433.0 5.171819859744708E-16
434.0 5.198527239536331E-16
435.0 5.225253934056372E-16
436.0 5.251999669636677E-16
437.0 5.278764176473223E-16
438.0 5.305547187585821E-16
439.0 5.332348436018772E-16
440.0 5.359167658282266E-16
441.0 5.386004592247751E-16
442.0 5.412858979222952E-16
443.0 5.439730560779341E-16
444.0 5.466619082236448E-16
445.0 5.493524289123165E-16
446.0 5.520445931745715E-16
447.0 5.547383758085417E-16
448.0 5.574337522996775E-16
449.0 5.601306979664972E-16
450.0 5.628291885633803E-16
451.0 5.655291998500996E-16
452.0 5.682307078756365E-16
453.0 5.709336889050661E-16
454.0 5.736381193452869E-16
455.0 5.763439758149861E-16
456.0 5.790512350700291E-16
457.0 5.817598742197865E-16
458.0 5.844698703246507E-16
459.0 5.871812007945942E-16
460.0 5.898938430950405E-16
461.0 5.926077750750298E-16
462.0 5.95322974524282E-16
463.0 5.98039419612784E-16
464.0 6.007570885570831E-16
465.0 6.034759598400496E-16
466.0 6.061960119861832E-16
467.0 6.089172238572002E-16
468.0 6.116395743522279E-16
469.0 6.143630427423696E-16
470.0 6.170876081816659E-16
471.0 6.198132502301988E-16
472.0 6.225399484388845E-16
473.0 6.252676827625662E-16
474.0 6.27996433028948E-16
475.0 6.307261794284505E-16
476.0 6.334569023237862E-16
477.0 6.36188582057017E-16
478.0 6.389211993673283E-16
479.0 6.416547349692949E-16
480.0 6.44389169818543E-16
481.0 6.471244850337064E-16
482.0 6.498606618174046E-16
483.0 6.525976816086758E-16
484.0 6.553355260432847E-16
485.0 6.58074176718972E-16
486.0 6.608136155816345E-16
487.0 6.635538246130859E-16
488.0 6.66294786023944E-16
489.0 6.690364820173304E-16
490.0 6.717788951787497E-16
491.0 6.745220080828848E-16
492.0 6.7726580344821665E-16
493.0 6.800102642144864E-16
494.0 6.827553734229381E-16
495.0 6.855011141745545E-16
496.0 6.882474699061595E-16
497.0 6.909944239521992E-16
498.0 6.937419600600668E-16
499.0 6.964900618308465E-16
500.0 6.992387131561189E-16