200.0 1.841528797567899E-17
201.0 1.9125574927338815E-17
202.0 1.985549619802613E-17
203.0 2.0605347561705754E-17
204.0 2.1375423904806702E-17
205.0 2.2166019167096214E-17
206.0 2.2977426266401205E-17
207.0 2.3809937049218077E-17
208.0 2.4663842228525095E-17
209.0 2.553943132282249E-17
210.0 2.6436992610770557E-17
211.0 2.7356813078350482E-17
212.0 2.829917835633519E-17
213.0 2.9264372700842755E-17
214.0 3.025267890397671E-17
215.0 3.1264378307066554E-17
216.0 3.229975069737155E-17
217.0 3.3359074314882656E-17
218.0 3.4442625792304894E-17
219.0 3.5550680120963137E-17
220.0 3.6683510618997824E-17
221.0 3.7841388901853085E-17
222.0 3.9024584844978766E-17
223.0 4.0233366542063036E-17
224.0 4.146800032146517E-17
225.0 4.2728750662459833E-17
226.0 4.4015880215553636E-17
227.0 4.532964975143808E-17
228.0 4.667031816574849E-17
229.0 4.803814243526548E-17
230.0 4.943337760887656E-17
231.0 5.085627678255267E-17
232.0 5.230709110045066E-17
233.0 5.3786069746654535E-17
234.0 5.529345989158073E-17
235.0 5.682950671703152E-17
236.0 5.839445341246932E-17
237.0 5.99885411080048E-17
238.0 6.161200894897766E-17
239.0 6.326509403151999E-17
240.0 6.494803139316431E-17
241.0 6.666105407563645E-17
242.0 6.840439304378652E-17
243.0 7.017827721091427E-17
244.0 7.198293344363766E-17
245.0 7.381858655994088E-17
246.0 7.568545933677906E-17
247.0 7.758377249246422E-17
248.0 7.951374468589028E-17
249.0 8.147559256325715E-17
250.0 8.346953070577816E-17
251.0 8.549577167853856E-17
252.0 8.755452600598103E-17
253.0 8.964600215456213E-17
254.0 9.17704066585167E-17
255.0 9.392794396476379E-17
256.0 9.611881654962753E-17
257.0 9.834322487376232E-17
258.0 1.0060136746549011E-16
259.0 1.0289344086518397E-16
260.0 1.0521963957408231E-16
261.0 1.0758015623332343E-16
262.0 1.0997518148556129E-16
263.0 1.124049041019117E-16
264.0 1.148695108727195E-16
265.0 1.1736918670121948E-16
266.0 1.1990411464207281E-16
267.0 1.2247447582450315E-16
268.0 1.2508044952664956E-16
269.0 1.277222131616104E-16
270.0 1.303999423162417E-16
271.0 1.3311381076469843E-16
272.0 1.3586399048210672E-16
273.0 1.386506516292053E-16
274.0 1.4147396260819593E-16
275.0 1.443340900326895E-16
276.0 1.4723119880036996E-16
277.0 1.5016545204721971E-16
278.0 1.5313701125376598E-16
279.0 1.5614603615170712E-16
280.0 1.591926848318918E-16
281.0 1.6227711366267544E-16
282.0 1.6539947743445659E-16
283.0 1.6855992929453573E-16
284.0 1.717586206914841E-16
285.0 1.749957015947721E-16
286.0 1.782713203401388E-16
287.0 1.8158562371294647E-16
288.0 1.8493875696415702E-16
289.0 1.8833086378885957E-16
290.0 1.9176208637721608E-16
291.0 1.9523256546855703E-16
292.0 1.9874244025254663E-16
293.0 2.0229184855712254E-16
294.0 2.0588092664982462E-16
295.0 2.095098095090691E-16
296.0 2.1317863060114321E-16
297.0 2.1688752207617941E-16
298.0 2.2063661463979577E-16
299.0 2.244260377136806E-16
300.0 2.282559193682535E-16
301.0 2.3212638631445476E-16
302.0 2.3603756393833914E-16
303.0 2.3998957642805513E-16
304.0 2.4398254665648884E-16
305.0 2.4801659623940768E-16
306.0 2.520918455261143E-16
307.0 2.562084137555423E-16
308.0 2.603664188596157E-16
309.0 2.6456597751977094E-16
310.0 2.6880720545064437E-16
311.0 2.7309021704958234E-16
312.0 2.774151256295201E-16
313.0 2.8178204338470326E-16
314.0 2.8619108140461104E-16
315.0 2.9064234958184036E-16
316.0 2.9513595694043625E-16
317.0 2.9967201125544386E-16
318.0 3.042506193836696E-16
319.0 3.0887188703465325E-16
320.0 3.135359189731686E-16
321.0 3.182428190078904E-16
322.0 3.2299268986282834E-16
323.0 3.27785633329425E-16
324.0 3.326217502812771E-16
325.0 3.3750114059927693E-16
326.0 3.424239032409996E-16
327.0 3.4739013622248955E-16
328.0 3.5239993681339596E-16
329.0 3.57453401183509E-16
330.0 3.625506247486537E-16
331.0 3.676917020296044E-16
332.0 3.7287672672570374E-16
333.0 3.781057916947749E-16
334.0 3.8337898893065015E-16
335.0 3.8869640973793147E-16
336.0 3.9405814444637246E-16
337.0 3.9946428271750365E-16
338.0 4.0491491352683683E-16
339.0 4.1041012486603103E-16
340.0 4.1595000416182467E-16
341.0 4.215346380120034E-16
342.0 4.2716411236918415E-16
343.0 4.328385123373095E-16
344.0 4.385579226126347E-16
345.0 4.443224268063517E-16
346.0 4.501321081420811E-16
347.0 4.559870491029463E-16
348.0 4.61887331436555E-16
349.0 4.678330363518407E-16
350.0 4.738242444165143E-16
351.0 4.798610354866395E-16
352.0 4.859434889480478E-16
353.0 4.920716832918239E-16
354.0 4.982456967941403E-16
355.0 5.044656068906566E-16
356.0 5.107314905830228E-16
357.0 5.170434242040543E-16
358.0 5.2340148362971825E-16
359.0 5.298057440372152E-16
360.0 5.362562802893002E-16
361.0 5.427531664344583E-16
362.0 5.492964763530086E-16
363.0 5.558862831215384E-16
364.0 5.62522659360363E-16
365.0 5.692056774210789E-16
366.0 5.759354089519544E-16
367.0 5.827119251217458E-16
368.0 5.895352967176492E-16
369.0 5.964055940625337E-16
370.0 6.0332288697385875E-16
371.0 6.102872448614119E-16
372.0 6.172987367346141E-16
373.0 6.243574310656401E-16
374.0 6.314633959353545E-16
375.0 6.386166992353633E-16
376.0 6.458174080918788E-16
377.0 6.530655894017211E-16
378.0 6.603613097445509E-16
379.0 6.67704635138383E-16
380.0 6.750956313425409E-16
381.0 6.825343638161425E-16
382.0 6.900208973112785E-16
383.0 6.975552966988896E-16
384.0 7.051376261506143E-16
385.0 7.127679496064443E-16
386.0 7.204463305696182E-16
387.0 7.281728323766154E-16
388.0 7.35947517936075E-16
389.0 7.437704498382786E-16
390.0 7.516416903039273E-16
391.0 7.595613011857763E-16
392.0 7.675293444192814E-16
393.0 7.755458810795791E-16
394.0 7.836109723893009E-16
395.0 7.917246789348306E-16
396.0 7.998870612352395E-16
397.0 8.080981796373096E-16
398.0 8.163580937934192E-16
399.0 8.246668635373992E-16
400.0 8.33024548068891E-16
401.0 8.414312065437791E-16
402.0 8.498868977822225E-16
403.0 8.583916805126697E-16
404.0 8.66945612826703E-16
405.0 8.755487529729174E-16
406.0 8.842011586874622E-16
407.0 8.92902887689592E-16
408.0 9.016539973751928E-16
409.0 9.104545446879702E-16
410.0 9.193045866921078E-16
411.0 9.282041801336685E-16
412.0 9.371533813085379E-16
413.0 9.461522466472039E-16
414.0 9.552008320675982E-16
415.0 9.642991934990484E-16
416.0 9.734473865563294E-16
417.0 9.826454666724915E-16
418.0 9.918934891011336E-16
419.0 1.0011915088499967E-15
420.0 1.0105395808186336E-15
421.0 1.019937759663742E-15
422.0 1.0293860998685106E-15
423.0 1.0388846556738773E-15
424.0 1.0484334812904032E-15
425.0 1.0580326306903666E-15
426.0 1.0676821574629474E-15
427.0 1.0773821154594004E-15
428.0 1.087132557861773E-15
429.0 1.0969335382668032E-15
430.0 1.106785109451491E-15
431.0 1.1166873246150512E-15
432.0 1.1266402364268593E-15
433.0 1.1366438975417857E-15
434.0 1.146698360378272E-15
435.0 1.156803677497504E-15
436.0 1.1669599009228475E-15
437.0 1.1771670826683621E-15
438.0 1.1874252748993466E-15
439.0 1.1977345290033677E-15
440.0 1.2080948968300593E-15
441.0 1.2185064298392392E-15
442.0 1.2289691793323453E-15
443.0 1.239483196692734E-15
444.0 1.2500485328275823E-15
445.0 1.2606652388071809E-15
446.0 1.2713333654655856E-15
447.0 1.2820529634796602E-15
448.0 1.2928240833681606E-15
449.0 1.3036467758238897E-15
450.0 1.3145210910526792E-15
451.0 1.3254470791835246E-15
452.0 1.3364247906090608E-15
453.0 1.347454275144107E-15
454.0 1.3585355826121975E-15
455.0 1.3696687630219051E-15
456.0 1.3808538656204261E-15
457.0 1.3920909406209455E-15
458.0 1.4033800369500146E-15
459.0 1.4147212039798479E-15
460.0 1.4261144913668417E-15
461.0 1.4375599478106965E-15
462.0 1.4490576225581286E-15
463.0 1.4606075645169413E-15
464.0 1.4722098225216922E-15
465.0 1.483864445334054E-15
466.0 1.4955714814591573E-15
467.0 1.5073309796958955E-15
468.0 1.5191429883099463E-15
469.0 1.5310075557696157E-15
470.0 1.5429247302831458E-15
471.0 1.5548945599827885E-15
472.0 1.566917093019929E-15
473.0 1.578992377471926E-15
474.0 1.5911204611493982E-15
475.0 1.6033013918810816E-15
476.0 1.615535217418823E-15
477.0 1.627821985339425E-15
478.0 1.6401617434350777E-15
479.0 1.652554538929509E-15
480.0 1.6650004193592601E-15
481.0 1.6774994319837665E-15
482.0 1.6900516240810216E-15
483.0 1.7026570428484273E-15
484.0 1.7153157351988488E-15
485.0 1.7280277483673254E-15
486.0 1.7407931289967187E-15
487.0 1.753611924052451E-15
488.0 1.7664841805210465E-15
489.0 1.7794099447857413E-15
490.0 1.7923892633460202E-15
491.0 1.8054221831382374E-15
492.0 1.8185087504882764E-15
493.0 1.831649011522746E-15
494.0 1.844843013021646E-15
495.0 1.8580908006064278E-15
496.0 1.8713924209830802E-15
497.0 1.884747919904891E-15
498.0 1.898157343679097E-15
499.0 1.9116207379734897E-15
500.0 1.925138148905139E-15