200.0 9.924338467576555E-36
201.0 1.2669852467412547E-35
202.0 1.6135507446056706E-35
203.0 2.0499843665622218E-35
204.0 2.5983088970665235E-35
205.0 3.285628656841744E-35
206.0 4.1452287336120116E-35
207.0 5.21789597496056E-35
208.0 6.553503189804897E-35
209.0 8.212905150193021E-35
210.0 1.0270203186208431E-34
211.0 1.2815444703798827E-34
212.0 1.5957834881134728E-34
213.0 1.982955040316874E-34
214.0 2.459025949815055E-34
215.0 3.0432469163843182E-34
216.0 3.7587839324280213E-34
217.0 4.633462527602721E-34
218.0 5.700643441709786E-34
219.0 7.000251140969052E-34
220.0 8.579979732177982E-34
221.0 1.04967044955172E-33
222.0 1.2818131302722576E-33
223.0 1.5624720818890615E-33
224.0 1.901192958464169E-33
225.0 2.3092815986882853E-33
226.0 2.800106570777131E-33
227.0 3.389449861820314E-33
228.0 4.095912759203248E-33
229.0 4.941384873693054E-33
230.0 5.951585333680607E-33
231.0 7.156686324518814E-33
232.0 8.592030435292963E-33
233.0 1.0298954770276154E-32
234.0 1.2325736329604032E-32
235.0 1.4728675032304752E-32
236.0 1.757333263350471E-32
237.0 2.0935948132962584E-32
238.0 2.490505254238625E-32
239.0 2.958330872815977E-32
240.0 3.5089604896746813E-32
241.0 4.156143361178302E-32
242.0 4.915759186310209E-32
243.0 5.80612416529979E-32
244.0 6.84833748553922E-32
245.0 8.066673099162229E-32
246.0 9.489022172622009E-32
247.0 1.1147392181094368E-31
248.0 1.307846918307225E-31
249.0 1.5324250614209515E-31
250.0 1.7932756544314027E-31
251.0 2.095882827881949E-31
252.0 2.44650239858119E-31
253.0 2.8522622029805894E-31
254.0 3.3212743774987493E-31
255.0 3.8627608645061835E-31
256.0 4.487193560768884E-31
257.0 5.206450643785495E-31
258.0 6.033990768776013E-31
259.0 6.985046975916986E-31
260.0 8.076842316050521E-31
261.0 9.328829392151228E-31
262.0 1.0762956205559998E-30
263.0 1.2403960901866185E-30
264.0 1.4279698236162542E-30
265.0 1.6421500845803508E-30
266.0 1.8864578643852212E-30
267.0 2.1648459949540655E-30
268.0 2.481747828057675E-30
269.0 2.8421308999289922E-30
270.0 3.25155604882226E-30
271.0 3.7162424644526116E-30
272.0 4.243139220664702E-30
273.0 4.8400038586273464E-30
274.0 5.5154886339656966E-30
275.0 6.2792351205750634E-30
276.0 7.141977856832115E-30
277.0 8.115657840725184E-30
278.0 9.21354667977861E-30
279.0 1.0450382304805656E-29
280.0 1.1842517196466249E-29
281.0 1.3408080143943036E-29
282.0 1.5167152650241163E-29
283.0 1.7141961147069373E-29
284.0 1.9357086275653654E-29
285.0 2.1839690586405064E-29
286.0 2.4619766078334768E-29
287.0 2.77304031345357E-29
288.0 3.12080824315472E-29
289.0 3.509299163811751E-29
290.0 3.942936867627219E-29
291.0 4.426587359877716E-29
292.0 4.965599105674445E-29
293.0 5.565846575248869E-29
294.0 6.233777309647523E-29
295.0 6.976462759421022E-29
296.0 7.801653174998318E-29
297.0 8.717836815684321E-29
298.0 9.734303781804328E-29
299.0 1.0861214789575972E-28
300.0 1.2109675219125241E-28
301.0 1.3491814793147727E-28
302.0 1.5020873247662992E-28
303.0 1.67112924146237E-28
304.0 1.857881510622667E-28
305.0 2.06405912487432E-28
306.0 2.2915291751477323E-28
307.0 2.5423230557841328E-28
308.0 2.8186495404428027E-28
309.0 3.122908788520181E-28
310.0 3.4577073283902125E-28
311.0 3.8258740870557747E-28
312.0 4.230477521319044E-28
313.0 4.674843923722724E-28
314.0 5.162576965214597E-28
315.0 5.697578555110236E-28
316.0 6.284071081461406E-28
317.0 6.9266211276094925E-28
318.0 7.630164741188825E-28
319.0 8.400034327560904E-28
320.0 9.241987299732147E-28
321.0 1.0162236524031123E-27
322.0 1.1167482717390267E-27
323.0 1.2264948857920643E-27
324.0 1.3462416737551513E-27
325.0 1.4768265772458789E-27
326.0 1.619151417946517E-27
327.0 1.7741862642725236E-27
328.0 1.942974061921572E-27
329.0 2.126635536886862E-27
330.0 2.326374392527998E-27
331.0 2.5434828058545935E-27
332.0 2.7793472482459058E-27
333.0 3.0354546351310034E-27
334.0 3.313398832949763E-27
335.0 3.614887529811004E-27
336.0 3.941749493586887E-27
337.0 4.295942235203062E-27
338.0 4.679560091590021E-27
339.0 5.094842753506537E-27
340.0 5.544184257970903E-27
341.0 6.030142460203064E-27
342.0 6.5554490138317E-27
343.0 7.123019880241225E-27
344.0 7.735966387612151E-27
345.0 8.397606870164197E-27
346.0 9.111478899376422E-27
347.0 9.88135215274114E-27
348.0 1.0711241929932706E-26
349.0 1.1605423348322336E-26
350.0 1.2568446254825302E-26
351.0 1.3605150866536276E-26
352.0 1.4720684190643974E-26
353.0 1.5920517243200617E-26
354.0 1.7210463082112468E-26
355.0 1.859669573881203E-26
356.0 2.0085770025065916E-26
357.0 2.16846422743251E-26
358.0 2.3400692064012282E-26
359.0 2.524174495203568E-26
360.0 2.721609623808956E-26
361.0 2.9332535818461526E-26
362.0 3.1600374190489046E-26
363.0 3.402946959360556E-26
364.0 3.6630256365944623E-26
365.0 3.9413774573900446E-26
366.0 4.2391700906835486E-26
367.0 4.5576380978280647E-26
368.0 4.8980862934989876E-26
369.0 5.261893256737138E-26
370.0 5.650514989272797E-26
371.0 6.065488728410785E-26
372.0 6.50843691790558E-26
373.0 6.98107134521891E-26
374.0 7.485197446400401E-26
375.0 8.022718789013556E-26
376.0 8.595641737508555E-26
377.0 9.206080298187136E-26
378.0 9.85626117057935E-26
379.0 1.0548528983878368E-25
380.0 1.1285351748668635E-25
381.0 1.2069326517445083E-25
382.0 1.2903185261539012E-25
383.0 1.3789800975347521E-25
384.0 1.4732194011477473E-25
385.0 1.5733538655612982E-25
386.0 1.679716994116501E-25
387.0 1.792659072938925E-25
388.0 1.9125479031680755E-25
389.0 2.0397695622324967E-25
390.0 2.1747291896483224E-25
391.0 2.317851803977985E-25
392.0 2.469583146837935E-25
393.0 2.630390558553628E-25
394.0 2.800763882233821E-25
395.0 2.9812164010026543E-25
396.0 3.172285807761328E-25
397.0 3.3745352064233264E-25
398.0 3.58855414832722E-25
399.0 3.814959704457337E-25
400.0 4.0543975709460143E-25
401.0 4.3075432147051E-25
402.0 4.575103053498686E-25
403.0 4.857815675437949E-25
404.0 5.1564530993097535E-25
405.0 5.471822075722964E-25
406.0 5.804765424781428E-25
407.0 6.156163424362907E-25
408.0 6.526935234329868E-25
409.0 6.91804036789645E-25
410.0 7.330480211480497E-25
411.0 7.765299587165273E-25
412.0 8.223588358792026E-25
413.0 8.706483103668766E-25
414.0 9.215168806927698E-25
415.0 9.75088063423949E-25
416.0 1.0314905736771744E-24
417.0 1.0908585118516988E-24
418.0 1.1533315556210388E-24
419.0 1.2190551567215147E-24
420.0 1.2881807453617709E-24
421.0 1.3608659372294285E-24
422.0 1.4372747500395964E-24
423.0 1.5175778224964116E-24
424.0 1.6019526420213216E-24
425.0 1.690583778021015E-24
426.0 1.783663120016441E-24
427.0 1.881390124365177E-24
428.0 1.9839720665653596E-24
429.0 2.0916242999566494E-24
430.0 2.2045705217171578E-24
431.0 2.3230430458539414E-24
432.0 2.447283082993906E-24
433.0 2.577541028017583E-24
434.0 2.7140767533862582E-24
435.0 2.857159912203219E-24
436.0 3.007070247849922E-24
437.0 3.164097910110553E-24
438.0 3.3285437809709445E-24
439.0 3.5007198079452925E-24
440.0 3.6809493443842265E-24
441.0 3.8695675007732165E-24
442.0 4.06692149916826E-24
443.0 4.2733710436831194E-24
444.0 4.489288692496624E-24
445.0 4.7150602416525565E-24
446.0 4.95108511973163E-24
447.0 5.1977767875063946E-24
448.0 5.4555631496414086E-24
449.0 5.7248869752419705E-24
450.0 6.006206326421092E-24
451.0 6.299994998141855E-24
452.0 6.60674296713979E-24
453.0 6.926956850698302E-24
454.0 7.261160374952498E-24
455.0 7.609894853191523E-24
456.0 7.973719676782582E-24
457.0 8.3532128138623E-24
458.0 8.748971318300344E-24
459.0 9.161611851321265E-24
460.0 9.591771213605236E-24
461.0 1.0040106884733649E-23
462.0 1.0507297582671503E-23
463.0 1.0994043820449293E-23
464.0 1.1501068489719964E-23
465.0 1.2029117442320724E-23
466.0 1.2578960091071926E-23
467.0 1.3151390026069285E-23
468.0 1.374722562659362E-23
469.0 1.4367310706697863E-23
470.0 1.5012515153010883E-23
471.0 1.5683735588588445E-23
472.0 1.638189604651536E-23
473.0 1.7107948646177164E-23
474.0 1.7862874295284787E-23
475.0 1.8647683401674958E-23
476.0 1.9463416588035067E-23
477.0 2.031114543234622E-23
478.0 2.1191973215246072E-23
479.0 2.2107035681700366E-23
480.0 2.305750181331146E-23
481.0 2.4044574623502825E-23
482.0 2.5069491948629964E-23
483.0 2.6133527279529982E-23
484.0 2.723799057377649E-23
485.0 2.838422911271783E-23
486.0 2.9573628353339127E-23
487.0 3.0807612803668705E-23
488.0 3.208764690014108E-23
489.0 3.3415235922689635E-23
490.0 3.4791926899412214E-23
491.0 3.6219309538004837E-23
492.0 3.7699017178967085E-23
493.0 3.923272774057107E-23
494.0 4.0822164710798403E-23
495.0 4.246909810932465E-23
496.0 4.41753455347387E-23
497.0 4.5942773141697043E-23
498.0 4.777329671115091E-23
499.0 4.96688826701245E-23
500.0 5.1631549181857053E-23