200.0 1.570736263321714E-16
201.0 1.610646381003608E-16
202.0 1.6511238739997138E-16
203.0 1.692168251455986E-16
204.0 1.7337789373023122E-16
205.0 1.7759552723827539E-16
206.0 1.8186965147900415E-16
207.0 1.8620018459065245E-16
208.0 1.9058703676802504E-16
209.0 1.950301109225869E-16
210.0 1.9952930262882322E-16
211.0 2.0408450039902084E-16
212.0 2.0869558585070053E-16
213.0 2.1336243409757575E-16
214.0 2.1808491369047605E-16
215.0 2.228628868549373E-16
216.0 2.2769620997299234E-16
217.0 2.325847334462712E-16
218.0 2.3752830199082667E-16
219.0 2.4252675490865973E-16
220.0 2.4757992620343826E-16
221.0 2.5268764465358125E-16
222.0 2.5784973427190716E-16
223.0 2.6306601424829807E-16
224.0 2.683362991415691E-16
225.0 2.7366039914036385E-16
226.0 2.7903812022348877E-16
227.0 2.8446926417272867E-16
228.0 2.8995362893378E-16
229.0 2.9549100880750585E-16
230.0 3.0108119411516183E-16
231.0 3.067239721505856E-16
232.0 3.124191266549999E-16
233.0 3.1816643820880676E-16
234.0 3.239656844040854E-16
235.0 3.2981664009716155E-16
236.0 3.3571907705547883E-16
237.0 3.416727647602966E-16
238.0 3.4767747000495575E-16
239.0 3.537329573804449E-16
240.0 3.5983898909925523E-16
241.0 3.659953252715628E-16
242.0 3.722017241911797E-16
243.0 3.7845794196155334E-16
244.0 3.8476373325728387E-16
245.0 3.911188508965003E-16
246.0 3.9752304601845374E-16
247.0 4.039760687334786E-16
248.0 4.1047766729144933E-16
249.0 4.170275891005502E-16
250.0 4.2362558020708067E-16
251.0 4.3027138566209573E-16
252.0 4.3696474960705664E-16
253.0 4.437054150547472E-16
254.0 4.504931246131366E-16
255.0 4.57327619759258E-16
256.0 4.642086416675912E-16
257.0 4.711359308777998E-16
258.0 4.781092273043952E-16
259.0 4.851282706699208E-16
260.0 4.9219280030810255E-16
261.0 4.993025550569831E-16
262.0 5.06457273915165E-16
263.0 5.136566957253647E-16
264.0 5.209005588879737E-16
265.0 5.281886021946372E-16
266.0 5.355205643799305E-16
267.0 5.428961842227882E-16
268.0 5.503152008257064E-16
269.0 5.577773533110195E-16
270.0 5.652823812146505E-16
271.0 5.728300244135869E-16
272.0 5.804200229832124E-16
273.0 5.880521177833476E-16
274.0 5.957260497643124E-16
275.0 6.03441560550765E-16
276.0 6.111983924198702E-16
277.0 6.189962881459496E-16
278.0 6.268349909622521E-16
279.0 6.347142450393092E-16
280.0 6.426337951303089E-16
281.0 6.505933868578243E-16
282.0 6.585927664770273E-16
283.0 6.666316809611504E-16
284.0 6.747098784975399E-16
285.0 6.828271077698383E-16
286.0 6.909831184475195E-16
287.0 6.991776612092444E-16
288.0 7.074104876943114E-16
289.0 7.156813504492745E-16
290.0 7.23990002941275E-16
291.0 7.323361998587396E-16
292.0 7.407196967699112E-16
293.0 7.491402502760623E-16
294.0 7.575976184659479E-16
295.0 7.66091559825922E-16
296.0 7.746218345735638E-16
297.0 7.831882038592978E-16
298.0 7.917904298433144E-16
299.0 8.0042827592834215E-16
300.0 8.091015069243836E-16
301.0 8.178098886738986E-16
302.0 8.265531879727362E-16
303.0 8.35331173198141E-16
304.0 8.441436140077733E-16
305.0 8.529902808636589E-16
306.0 8.618709458269744E-16
307.0 8.707853822474726E-16
308.0 8.797333645202619E-16
309.0 8.887146684088569E-16
310.0 8.977290710488534E-16
311.0 9.067763507000736E-16
312.0 9.158562873293857E-16
313.0 9.249686615218436E-16
314.0 9.34113255735474E-16
315.0 9.432898534595243E-16
316.0 9.524982397210695E-16
317.0 9.617382004802882E-16
318.0 9.71009523665114E-16
319.0 9.80311997690181E-16
320.0 9.896454132878591E-16
321.0 9.990095613934099E-16
322.0 1.008404235259439E-15
323.0 1.0178292290359005E-15
324.0 1.0272843379324973E-15
325.0 1.0367693592104739E-15
326.0 1.046284090725897E-15
327.0 1.0558283321039693E-15
328.0 1.0654018842797286E-15
329.0 1.0750045492090006E-15
330.0 1.0846361306056264E-15
331.0 1.094296433093285E-15
332.0 1.1039852629479506E-15
333.0 1.1137024277156804E-15
334.0 1.1234477360095907E-15
335.0 1.1332209979789458E-15
336.0 1.1430220250139252E-15
337.0 1.1528506299306397E-15
338.0 1.1627066268664196E-15
339.0 1.1725898308739488E-15
340.0 1.1825000586987773E-15
341.0 1.192437128379315E-15
342.0 1.2024008590351559E-15
343.0 1.212391071256668E-15
344.0 1.2224075867941173E-15
345.0 1.232450228543973E-15
346.0 1.2425188211529231E-15
347.0 1.2526131898811976E-15
348.0 1.2627331619274177E-15
349.0 1.272878565180386E-15
350.0 1.2830492289293664E-15
351.0 1.293244984068353E-15
352.0 1.3034656623508255E-15
353.0 1.3137110967958064E-15
354.0 1.3239811217847422E-15
355.0 1.3342755727302991E-15
356.0 1.3445942862768974E-15
357.0 1.354937100834E-15
358.0 1.365303855156467E-15
359.0 1.375694389630893E-15
360.0 1.3861085461642222E-15
361.0 1.3965461668488913E-15
362.0 1.4070070960451171E-15
363.0 1.4174911788275206E-15
364.0 1.4279982610751394E-15
365.0 1.4385281903556008E-15
366.0 1.4490808152446322E-15
367.0 1.4596559855391364E-15
368.0 1.4702535517890195E-15
369.0 1.4808733659672605E-15
370.0 1.4915152813493516E-15
371.0 1.5021791518089127E-15
372.0 1.512864832727454E-15
373.0 1.5235721806401961E-15
374.0 1.5343010528725702E-15
375.0 1.5450513078763534E-15
376.0 1.5558228055748978E-15
377.0 1.5666154061683038E-15
378.0 1.5774289718997645E-15
379.0 1.5882633653824432E-15
380.0 1.599118450417977E-15
381.0 1.609994092230235E-15
382.0 1.6208901562449077E-15
383.0 1.6318065100155246E-15
384.0 1.6427430210265344E-15
385.0 1.653699558753393E-15
386.0 1.6646759925687423E-15
387.0 1.6756721940676578E-15
388.0 1.6866880349618128E-15
389.0 1.6977233883020829E-15
390.0 1.7087781280974545E-15
391.0 1.7198521293033827E-15
392.0 1.7309452675569235E-15
393.0 1.7420574200498823E-15
394.0 1.753188464380976E-15
395.0 1.7643382791746828E-15
396.0 1.7755067443291437E-15
397.0 1.7866937404953466E-15
398.0 1.797899148933359E-15
399.0 1.8091228521458184E-15
400.0 1.8203647337427137E-15
401.0 1.831624677386585E-15
402.0 1.842902569000958E-15
403.0 1.8541982937503023E-15
404.0 1.865511739309745E-15
405.0 1.8768427929606264E-15
406.0 1.8881913432908754E-15
407.0 1.899557280192572E-15
408.0 1.9109404937850447E-15
409.0 1.9223408750673248E-15
410.0 1.9337583164496585E-15
411.0 1.9451927105317773E-15
412.0 1.956643950898757E-15
413.0 1.968111932523677E-15
414.0 1.9795965502591498E-15
415.0 1.991097700187143E-15
416.0 2.0026152796164498E-15
417.0 2.0141491859719645E-15
418.0 2.025699318163211E-15
419.0 2.037265574773733E-15
420.0 2.048847856551071E-15
421.0 2.0604460636133006E-15
422.0 2.0720600982325346E-15
423.0 2.083689862446919E-15
424.0 2.095335259168732E-15
425.0 2.106996192461569E-15
426.0 2.1186725668244366E-15
427.0 2.1303642874639287E-15
428.0 2.1420712607152396E-15
429.0 2.1537933930316694E-15
430.0 2.1655305919770824E-15
431.0 2.1772827656437113E-15
432.0 2.189049822785803E-15
433.0 2.2008316732474236E-15
434.0 2.2126282272288004E-15
435.0 2.224439395272391E-15
436.0 2.236265089425832E-15
437.0 2.2481052219180426E-15
438.0 2.259959705439282E-15
439.0 2.2718284538715534E-15
440.0 2.2837113815439506E-15
441.0 2.295608402922585E-15
442.0 2.3075194340918974E-15
443.0 2.3194443908088113E-15
444.0 2.3313831905884633E-15
445.0 2.343335749843364E-15
446.0 2.3553019876361553E-15
447.0 2.367281822359794E-15
448.0 2.379275173081706E-15
449.0 2.3912819599950804E-15
450.0 2.403302103805704E-15
451.0 2.415335525262203E-15
452.0 2.4273821462185748E-15
453.0 2.439441889170436E-15
454.0 2.451514676783603E-15
455.0 2.463600432657203E-15
456.0 2.4756990810097405E-15
457.0 2.4878105460477863E-15
458.0 2.499934753203076E-15
459.0 2.512071628192345E-15
460.0 2.5242210974785895E-15
461.0 2.5363830876352465E-15
462.0 2.548557526440564E-15
463.0 2.5607443411346426E-15
464.0 2.5729434609424294E-15
465.0 2.585154814534899E-15
466.0 2.597378331286696E-15
467.0 2.6096139415920052E-15
468.0 2.621861575578969E-15
469.0 2.634121164542411E-15
470.0 2.646392640622481E-15
471.0 2.658675935021722E-15
472.0 2.670970980738842E-15
473.0 2.6832777109517856E-15
474.0 2.6955960591702155E-15
475.0 2.7079259593906366E-15
476.0 2.720267346253768E-15
477.0 2.732620154875977E-15
478.0 2.7449843205134852E-15
479.0 2.757359779377418E-15
480.0 2.7697464679716248E-15
481.0 2.782144323084315E-15
482.0 2.7945532819461067E-15
483.0 2.8069732827237317E-15
484.0 2.819404263517412E-15
485.0 2.8318461630185135E-15
486.0 2.8442989203375337E-15
487.0 2.856762475334288E-15
488.0 2.869236767941314E-15
489.0 2.881721738660789E-15
490.0 2.8942173283910235E-15
491.0 2.9067234784204044E-15
492.0 2.919240130591405E-15
493.0 2.931767227126035E-15
494.0 2.9443047104489065E-15
495.0 2.9568525238644543E-15
496.0 2.969410610355015E-15
497.0 2.981978914287793E-15
498.0 2.9945573796960905E-15
499.0 3.0071459509569213E-15
500.0 3.019744573131625E-15