200.0 1.504283448071528E-17
201.0 1.5607536588674284E-17
202.0 1.618773358128501E-17
203.0 1.678367517783453E-17
204.0 1.7395611382974823E-17
205.0 1.8023792441553637E-17
206.0 1.8668468799615417E-17
207.0 1.9329891056638645E-17
208.0 2.0008309917881083E-17
209.0 2.0703976163837322E-17
210.0 2.1417140590574802E-17
211.0 2.214805398074772E-17
212.0 2.289696705603717E-17
213.0 2.3664130448248085E-17
214.0 2.4449794643637597E-17
215.0 2.5254209962170835E-17
216.0 2.6077626502574072E-17
217.0 2.692029412429945E-17
218.0 2.778246238598654E-17
219.0 2.866438054047329E-17
220.0 2.956629747403365E-17
221.0 3.0488461693426465E-17
222.0 3.143112127657177E-17
223.0 3.2394523846313267E-17
224.0 3.337891653743344E-17
225.0 3.4384545981748174E-17
226.0 3.541165823349766E-17
227.0 3.646049879914216E-17
228.0 3.753131257799939E-17
229.0 3.862434381321743E-17
230.0 3.973983610483165E-17
231.0 4.0878032363712564E-17
232.0 4.203917477879705E-17
233.0 4.322350482130768E-17
234.0 4.44312631613706E-17
235.0 4.5662689727286325E-17
236.0 4.691802360643638E-17
237.0 4.819750306420992E-17
238.0 4.9501365503997714E-17
239.0 5.082984746187242E-17
240.0 5.218318456672946E-17
241.0 5.356161155578609E-17
242.0 5.4965362204323266E-17
243.0 5.639466933567376E-17
244.0 5.784976480862957E-17
245.0 5.933087948531784E-17
246.0 6.083824321902478E-17
247.0 6.237208485052496E-17
248.0 6.393263216965236E-17
249.0 6.552011190472005E-17
250.0 6.713474973630432E-17
251.0 6.877677022869914E-17
252.0 7.044639686737778E-17
253.0 7.214385202165504E-17
254.0 7.386935694654457E-17
255.0 7.562313172736872E-17
256.0 7.74053953411291E-17
257.0 7.921636555038893E-17
258.0 8.105625902961243E-17
259.0 8.292529120517493E-17
260.0 8.482367631205798E-17
261.0 8.675162742093628E-17
262.0 8.870935635330371E-17
263.0 9.069707375646615E-17
264.0 9.271498900721659E-17
265.0 9.476331024954211E-17
266.0 9.684224442757483E-17
267.0 9.895199719576705E-17
268.0 1.010927729717569E-16
269.0 1.0326477488615738E-16
270.0 1.054682048287904E-16
271.0 1.0770326340974571E-16
272.0 1.0997014992877366E-16
273.0 1.1226906246038567E-16
274.0 1.1460019774483533E-16
275.0 1.1696375122701962E-16
276.0 1.1935991708796789E-16
277.0 1.217888881667378E-16
278.0 1.2425085605448824E-16
279.0 1.267460109772473E-16
280.0 1.2927454187933689E-16
281.0 1.3183663639471271E-16
282.0 1.3443248084327024E-16
283.0 1.370622602411679E-16
284.0 1.3972615822795407E-16
285.0 1.4242435718780636E-16
286.0 1.4515703820820677E-16
287.0 1.4792438096090584E-16
288.0 1.5072656387224823E-16
289.0 1.535637640356883E-16
290.0 1.5643615719355208E-16
291.0 1.5934391779598993E-16
292.0 1.622872189699741E-16
293.0 1.6526623250177078E-16
294.0 1.6828112890011837E-16
295.0 1.7133207729868315E-16
296.0 1.7441924553578439E-16
297.0 1.775428002071467E-16
298.0 1.8070290644497859E-16
299.0 1.8389972822458904E-16
300.0 1.871334280896899E-16
301.0 1.9040416737982095E-16
302.0 1.9371210599923057E-16
303.0 1.9705740266951811E-16
304.0 2.004402147878176E-16
305.0 2.0386069838775046E-16
306.0 2.073190082526393E-16
307.0 2.1081529788062226E-16
308.0 2.1434971950653033E-16
309.0 2.179224239838519E-16
310.0 2.2153356098492696E-16
311.0 2.251832788435529E-16
312.0 2.288717246581054E-16
313.0 2.32599044211046E-16
314.0 2.3636538205452613E-16
315.0 2.4017088142772213E-16
316.0 2.440156844110597E-16
317.0 2.4789993171098937E-16
318.0 2.518237628820439E-16
319.0 2.557873161519644E-16
320.0 2.5979072853581346E-16
321.0 2.6383413581721743E-16
322.0 2.6791767264719834E-16
323.0 2.720414721911156E-16
324.0 2.7620566667817807E-16
325.0 2.80410386927581E-16
326.0 2.8465576264048173E-16
327.0 2.889419222571962E-16
328.0 2.9326899306002647E-16
329.0 2.9763710115356315E-16
330.0 3.020463713381822E-16
331.0 3.064969273195306E-16
332.0 3.109888916103152E-16
333.0 3.1552238556057093E-16
334.0 3.2009752933477654E-16
335.0 3.2471444188707376E-16
336.0 3.293732411031833E-16
337.0 3.3407404363906267E-16
338.0 3.38816965064315E-16
339.0 3.4360211975351594E-16
340.0 3.484296209167542E-16
341.0 3.532995807805541E-16
342.0 3.5821211032992275E-16
343.0 3.631673193667902E-16
344.0 3.681653168177647E-16
345.0 3.7320621022404132E-16
346.0 3.7829010623221825E-16
347.0 3.8341711032471734E-16
348.0 3.8858732682039653E-16
349.0 3.9380085913388886E-16
350.0 3.9905780939719827E-16
351.0 4.0435827881665504E-16
352.0 4.0970236755158396E-16
353.0 4.150901744836178E-16
354.0 4.2052179778899574E-16
355.0 4.2599733434164874E-16
356.0 4.3151688005207047E-16
357.0 4.370805298056661E-16
358.0 4.4268837746775585E-16
359.0 4.483405158169268E-16
360.0 4.540370367272025E-16
361.0 4.597780309590607E-16
362.0 4.655635884170042E-16
363.0 4.7139379782626445E-16
364.0 4.77268747066849E-16
365.0 4.83188522919553E-16
366.0 4.891532113716245E-16
367.0 4.951628972433642E-16
368.0 5.012176644567564E-16
369.0 5.073175960039482E-16
370.0 5.134627739930889E-16
371.0 5.196532794553401E-16
372.0 5.258891925055133E-16
373.0 5.321705923478963E-16
374.0 5.384975573232946E-16
375.0 5.448701648333051E-16
376.0 5.512884912599828E-16
377.0 5.577526122202696E-16
378.0 5.64262602320349E-16
379.0 5.708185353281243E-16
380.0 5.77420484049742E-16
381.0 5.840685205948036E-16
382.0 5.907627159014803E-16
383.0 5.975031403543997E-16
384.0 6.042898633520479E-16
385.0 6.111229532604527E-16
386.0 6.180024777775114E-16
387.0 6.24928503806786E-16
388.0 6.319010972774795E-16
389.0 6.389203233315923E-16
390.0 6.459862462355457E-16
391.0 6.530989295743228E-16
392.0 6.60258435972189E-16
393.0 6.674648273345687E-16
394.0 6.747181647091228E-16
395.0 6.820185082879594E-16
396.0 6.893659176094926E-16
397.0 6.967604514176503E-16
398.0 7.042021674630012E-16
399.0 7.116911231122861E-16
400.0 7.192273744922242E-16
401.0 7.268109773583463E-16
402.0 7.344419864341974E-16
403.0 7.421204559327103E-16
404.0 7.498464390911665E-16
405.0 7.576199885955294E-16
406.0 7.654411562138E-16
407.0 7.73309993283453E-16
408.0 7.812265500684877E-16
409.0 7.891908762479501E-16
410.0 7.972030208139163E-16
411.0 8.052630321328414E-16
412.0 8.133709577264123E-16
413.0 8.215268445553732E-16
414.0 8.297307386265338E-16
415.0 8.379826856817201E-16
416.0 8.462827302844113E-16
417.0 8.54630916804088E-16
418.0 8.63027288727888E-16
419.0 8.714718887161885E-16
420.0 8.799647590211859E-16
421.0 8.885059411975862E-16
422.0 8.970954759219624E-16
423.0 9.057334036023659E-16
424.0 9.144197637774096E-16
425.0 9.231545953608583E-16
426.0 9.31937936583064E-16
427.0 9.407698253719029E-16
428.0 9.496502985408676E-16
429.0 9.585793928003403E-16
430.0 9.675571436825487E-16
431.0 9.765835868246541E-16
432.0 9.856587566233836E-16
433.0 9.947826872702372E-16
434.0 1.003955412171736E-15
435.0 1.0131769642801248E-15
436.0 1.0224473757652347E-15
437.0 1.0317666784850114E-15
438.0 1.0411349037254178E-15
439.0 1.0505520818606705E-15
440.0 1.060018243035833E-15
441.0 1.0695334168338054E-15
442.0 1.0790976320684786E-15
443.0 1.0887109171331964E-15
444.0 1.098373300079348E-15
445.0 1.108084807983708E-15
446.0 1.117845467799745E-15
447.0 1.1276553055787738E-15
448.0 1.1375143473346832E-15
449.0 1.1474226181104736E-15
450.0 1.1573801426305374E-15
451.0 1.1673869451618606E-15
452.0 1.1774430492948241E-15
453.0 1.1875484782416277E-15
454.0 1.1977032547677786E-15
455.0 1.207907400968431E-15
456.0 1.2181609385723439E-15
457.0 1.228463888794693E-15
458.0 1.2388162724943665E-15
459.0 1.2492181097906586E-15
460.0 1.2596694205292562E-15
461.0 1.2701702240544264E-15
462.0 1.280720539210957E-15
463.0 1.2913203845059717E-15
464.0 1.301969777713311E-15
465.0 1.312668736353661E-15
466.0 1.3234172776221634E-15
467.0 1.3342154179033446E-15
468.0 1.3450631735047002E-15
469.0 1.3559605602559232E-15
470.0 1.3669075931768133E-15
471.0 1.3779042872238849E-15
472.0 1.3889506568820824E-15
473.0 1.400046716251021E-15
474.0 1.4111924787925885E-15
475.0 1.4223879578424177E-15
476.0 1.4336331659300305E-15
477.0 1.4449281156386325E-15
478.0 1.4562728187474658E-15
479.0 1.4676672871893134E-15
480.0 1.4791115316551655E-15
481.0 1.4906055631720655E-15
482.0 1.5021493921435537E-15
483.0 1.51374302843523E-15
484.0 1.5253864818249159E-15
485.0 1.5370797615589565E-15
486.0 1.5488228763503842E-15
487.0 1.5606158348364075E-15
488.0 1.5724586450346688E-15
489.0 1.5843513147103143E-15
490.0 1.596293851288054E-15
491.0 1.6082862618551309E-15
492.0 1.6203285530697403E-15
493.0 1.6324207312562792E-15
494.0 1.644562802408168E-15
495.0 1.6567547719985952E-15
496.0 1.6689966456535688E-15
497.0 1.681288428100366E-15
498.0 1.6936301240324186E-15
499.0 1.7060217375313716E-15
500.0 1.7184632727517578E-15